3.34 3.33 3.33 3.33 3.33 3.33 3.33 3.34 3.33 3.31 3.32 3.32 3.32 3.33 3.34 3.33 3.32 3.31 3.31 3.31 3.31 3.29 3.27 3.25 3.26 0
3.39 3.38 3.38 3.38 3.39 3.4 3.41 3.42 3.41 3.4 3.39 3.39 3.39 3.38 3.37 3.35 3.34 3.34 3.34 3.33 3.33 3.33 3.33 3.33 3.33 1
3.41 3.41 3.39 3.38 3.4 3.4 3.39 3.39 3.39 3.38 3.38 3.38 3.39 3.4 3.41 3.42 3.41 3.4 3.39 3.39 3.39 3.38 3.37 3.35 3.34 0
3.37 3.37 3.36 3.36 3.37 3.38 3.39 3.41 3.41 3.41 3.41 3.41 3.41 3.41 3.41 3.39 3.38 3.4 3.4 3.39 3.39 3.39 3.38 3.38 3.38 1
3.59 3.57 3.56 3.58 3.6 3.6 3.58 3.57 3.55 3.53 3.51 3.5 3.49 3.47 3.45 3.43 3.42 3.39 3.38 3.38 3.37 3.37 3.37 3.38 3.37 0
3.55 3.54 3.53 3.52 3.52 3.53 3.55 3.56 3.58 3.59 3.59 3.57 3.56 3.58 3.6 3.6 3.58 3.57 3.55 3.53 3.51 3.5 3.49 3.47 3.45 0
3.54 3.54 3.53 3.54 3.54 3.55 3.54 3.53 3.52 3.52 3.53 3.55 3.56 3.58 3.59 3.59 3.57 3.56 3.58 3.6 3.6 3.58 3.57 3.55 3.53 0
3.52 3.5 3.49 3.52 3.54 3.54 3.54 3.53 3.54 3.54 3.55 3.54 3.53 3.52 3.52 3.53 3.55 3.56 3.58 3.59 3.59 3.57 3.56 3.58 3.6 0
3.53 3.51 3.51 3.52 3.54 3.54 3.55 3.55 3.55 3.54 3.54 3.54 3.53 3.54 3.53 3.52 3.5 3.49 3.52 3.54 3.54 3.54 3.53 3.54 3.54 1
3.54 3.53 3.51 3.53 3.54 3.53 3.53 3.52 3.52 3.53 3.53 3.51 3.51 3.52 3.54 3.54 3.55 3.55 3.55 3.54 3.54 3.54 3.53 3.54 3.53 0
3.51 3.5 3.49 3.5 3.5 3.51 3.53 3.54 3.54 3.54 3.54 3.53 3.51 3.53 3.54 3.53 3.53 3.52 3.52 3.53 3.53 3.51 3.51 3.52 3.54 0
3.43 3.39 3.38 3.45 3.5 3.51 3.52 3.52 3.51 3.5 3.49 3.5 3.5 3.51 3.53 3.54 3.54 3.54 3.54 3.53 3.51 3.53 3.54 3.53 3.53 1
3.45 3.44 3.43 3.44 3.44 3.45 3.47 3.47 3.48 3.48 3.47 3.48 3.46 3.46 3.45 3.46 3.46 3.43 3.39 3.38 3.45 3.5 3.51 3.52 3.52 0
3.43 3.42 3.41 3.4 3.41 3.42 3.43 3.45 3.45 3.44 3.43 3.44 3.44 3.45 3.47 3.47 3.48 3.48 3.47 3.48 3.46 3.46 3.45 3.46 3.46 1
3.46 3.45 3.45 3.45 3.44 3.44 3.44 3.44 3.44 3.43 3.44 3.44 3.44 3.44 3.44 3.44 3.43 3.43 3.42 3.42 3.42 3.41 3.41 3.42 3.42 0
3.46 3.45 3.45 3.45 3.46 3.46 3.46 3.46 3.45 3.45 3.45 3.44 3.44 3.44 3.44 3.44 3.43 3.44 3.44 3.44 3.44 3.44 3.44 3.43 3.43 0
3.46 3.45 3.45 3.45 3.46 3.46 3.46 3.45 3.45 3.45 3.46 3.46 3.46 3.46 3.45 3.45 3.45 3.44 3.44 3.44 3.44 3.44 3.43 3.44 3.44 0
3.45 3.44 3.43 3.44 3.45 3.45 3.46 3.45 3.45 3.45 3.46 3.46 3.46 3.45 3.45 3.45 3.46 3.46 3.46 3.46 3.45 3.45 3.45 3.44 3.44 0
3.44 3.42 3.42 3.43 3.44 3.44 3.45 3.45 3.45 3.45 3.44 3.43 3.44 3.45 3.45 3.46 3.45 3.45 3.45 3.46 3.46 3.46 3.45 3.45 3.45 1
3.48 3.48 3.47 3.47 3.48 3.49 3.49 3.5 3.5 3.5 3.5 3.5 3.5 3.51 3.52 3.52 3.52 3.53 3.52 3.51 3.5 3.51 3.5 3.5 3.5 1
3.49 3.48 3.47 3.47 3.49 3.51 3.52 3.54 3.54 3.51 3.49 3.49 3.48 3.49 3.48 3.48 3.47 3.47 3.48 3.49 3.49 3.5 3.5 3.5 3.5 1
3.53 3.53 3.52 3.52 3.53 3.53 3.53 3.55 3.55 3.55 3.55 3.54 3.53 3.53 3.53 3.52 3.51 3.51 3.5 3.49 3.48 3.48 3.49 3.49 3.48 1
3.57 3.56 3.56 3.56 3.57 3.57 3.57 3.57 3.56 3.57 3.56 3.55 3.54 3.55 3.54 3.53 3.53 3.52 3.52 3.53 3.53 3.53 3.55 3.55 3.55 1
3.57 3.56 3.55 3.55 3.55 3.55 3.56 3.56 3.57 3.58 3.57 3.57 3.58 3.59 3.59 3.6 3.6 3.6 3.6 3.6 3.61 3.61 3.61 3.6 3.6 1
3.55 3.55 3.54 3.55 3.56 3.56 3.56 3.56 3.56 3.56 3.56 3.55 3.55 3.56 3.57 3.57 3.56 3.57 3.57 3.57 3.57 3.57 3.57 3.57 3.58 1
3.55 3.54 3.54 3.54 3.54 3.55 3.56 3.56 3.55 3.56 3.56 3.56 3.56 3.57 3.56 3.56 3.56 3.55 3.55 3.54 3.55 3.56 3.56 3.56 3.56 0
3.54 3.53 3.53 3.53 3.53 3.53 3.53 3.54 3.55 3.56 3.55 3.54 3.54 3.54 3.54 3.55 3.56 3.56 3.55 3.56 3.56 3.56 3.56 3.57 3.56 0
3.58 3.55 3.52 3.53 3.52 3.52 3.52 3.52 3.54 3.53 3.53 3.53 3.53 3.53 3.53 3.54 3.55 3.56 3.55 3.54 3.54 3.54 3.54 3.55 3.56 0
3.49 3.49 3.48 3.48 3.49 3.49 3.48 3.49 3.5 3.51 3.52 3.54 3.54 3.55 3.55 3.56 3.58 3.55 3.52 3.53 3.52 3.52 3.52 3.52 3.54 1
3.54 3.53 3.52 3.53 3.53 3.53 3.54 3.55 3.55 3.55 3.54 3.53 3.53 3.52 3.51 3.5 3.49 3.49 3.49 3.48 3.48 3.49 3.49 3.48 3.49 0
3.51 3.5 3.5 3.5 3.51 3.52 3.52 3.51 3.52 3.53 3.54 3.54 3.53 3.52 3.53 3.53 3.53 3.54 3.55 3.55 3.55 3.54 3.53 3.53 3.52 1
3.53 3.52 3.52 3.53 3.53 3.53 3.54 3.54 3.53 3.53 3.53 3.53 3.53 3.52 3.51 3.51 3.51 3.5 3.5 3.5 3.51 3.52 3.52 3.51 3.52 1
3.54 3.53 3.53 3.53 3.53 3.53 3.53 3.52 3.52 3.52 3.53 3.53 3.52 3.53 3.52 3.52 3.53 3.53 3.53 3.54 3.54 3.53 3.53 3.53 3.53 1
3.53 3.53 3.53 3.54 3.53 3.53 3.54 3.54 3.55 3.55 3.55 3.54 3.54 3.54 3.54 3.53 3.53 3.53 3.53 3.53 3.53 3.52 3.52 3.52 3.53 0
3.52 3.52 3.51 3.51 3.51 3.52 3.52 3.53 3.53 3.53 3.54 3.53 3.53 3.53 3.54 3.53 3.53 3.54 3.54 3.55 3.55 3.55 3.54 3.54 3.54 1
3.53 3.52 3.52 3.53 3.53 3.53 3.54 3.54 3.53 3.53 3.52 3.52 3.52 3.51 3.51 3.51 3.52 3.52 3.53 3.53 3.53 3.54 3.53 3.53 3.53 1
3.51 3.5 3.5 3.5 3.5 3.52 3.53 3.54 3.55 3.55 3.56 3.56 3.56 3.55 3.54 3.53 3.53 3.52 3.52 3.53 3.53 3.53 3.54 3.54 3.53 0
3.5 3.48 3.48 3.49 3.51 3.51 3.51 3.5 3.5 3.5 3.5 3.52 3.53 3.54 3.55 3.55 3.56 3.56 3.56 3.55 3.54 3.53 3.53 3.52 3.52 1
3.51 3.5 3.49 3.5 3.5 3.51 3.52 3.51 3.51 3.51 3.52 3.53 3.52 3.51 3.5 3.5 3.5 3.48 3.48 3.49 3.51 3.51 3.51 3.5 3.5 1
3.61 3.6 3.6 3.61 3.6 3.61 3.62 3.63 3.63 3.63 3.63 3.64 3.64 3.63 3.63 3.62 3.63 3.62 3.62 3.61 3.59 3.6 3.6 3.58 3.56 1
3.62 3.62 3.61 3.62 3.62 3.63 3.62 3.63 3.64 3.64 3.64 3.65 3.65 3.65 3.64 3.64 3.63 3.62 3.61 3.62 3.61 3.61 3.61 3.61 3.6 0
3.59 3.58 3.58 3.6 3.6 3.61 3.62 3.62 3.61 3.62 3.62 3.63 3.62 3.63 3.64 3.64 3.64 3.65 3.65 3.65 3.64 3.64 3.63 3.62 3.61 0
3.59 3.58 3.58 3.58 3.59 3.59 3.6 3.6 3.6 3.6 3.6 3.6 3.59 3.6 3.6 3.6 3.59 3.58 3.58 3.6 3.6 3.61 3.62 3.62 3.61 1
3.62 3.62 3.61 3.61 3.61 3.62 3.62 3.61 3.6 3.59 3.58 3.58 3.58 3.59 3.59 3.6 3.6 3.6 3.6 3.6 3.6 3.59 3.6 3.6 3.6 1
3.63 3.61 3.61 3.6 3.6 3.59 3.61 3.62 3.62 3.63 3.63 3.63 3.63 3.64 3.65 3.65 3.66 3.65 3.65 3.64 3.65 3.65 3.65 3.65 3.64 0
3.62 3.61 3.6 3.59 3.6 3.6 3.6 3.61 3.61 3.62 3.63 3.63 3.62 3.63 3.61 3.61 3.6 3.6 3.59 3.61 3.62 3.62 3.63 3.63 3.63 0
3.59 3.58 3.57 3.58 3.59 3.59 3.59 3.6 3.6 3.61 3.61 3.6 3.6 3.6 3.62 3.61 3.6 3.59 3.6 3.6 3.6 3.61 3.61 3.62 3.63 1
3.6 3.6 3.6 3.59 3.6 3.6 3.61 3.61 3.61 3.61 3.61 3.62 3.63 3.63 3.63 3.64 3.64 3.65 3.63 3.62 3.62 3.62 3.62 3.62 3.62 1
3.6 3.6 3.6 3.6 3.6 3.6 3.61 3.61 3.6 3.6 3.61 3.61 3.61 3.6 3.6 3.6 3.6 3.59 3.6 3.6 3.61 3.61 3.61 3.61 3.61 1
3.6 3.6 3.59 3.59 3.6 3.61 3.61 3.61 3.61 3.61 3.61 3.61 3.61 3.62 3.61 3.61 3.61 3.61 3.6 3.6 3.6 3.61 3.61 3.6 3.6 0
3.6 3.59 3.59 3.59 3.59 3.59 3.59 3.59 3.59 3.59 3.58 3.59 3.6 3.6 3.6 3.6 3.6 3.6 3.59 3.59 3.6 3.61 3.61 3.61 3.61 0
3.6 3.6 3.59 3.59 3.6 3.59 3.59 3.59 3.59 3.59 3.59 3.59 3.59 3.59 3.58 3.59 3.6 3.6 3.6 3.6 3.6 3.6 3.59 3.59 3.6 1
3.6 3.59 3.59 3.59 3.6 3.6 3.6 3.6 3.6 3.6 3.61 3.62 3.62 3.62 3.62 3.61 3.61 3.61 3.61 3.61 3.6 3.6 3.61 3.61 3.61 1
3.63 3.6 3.59 3.6 3.6 3.6 3.61 3.61 3.61 3.61 3.6 3.59 3.59 3.59 3.6 3.6 3.6 3.6 3.6 3.6 3.61 3.62 3.62 3.62 3.62 1
3.56 3.55 3.55 3.55 3.54 3.55 3.55 3.55 3.57 3.59 3.6 3.61 3.61 3.61 3.61 3.61 3.62 3.62 3.62 3.62 3.63 3.64 3.64 3.65 3.65 1
3.57 3.57 3.56 3.56 3.57 3.57 3.58 3.57 3.57 3.56 3.56 3.56 3.56 3.56 3.56 3.56 3.56 3.56 3.56 3.56 3.55 3.55 3.56 3.55 3.55 1
3.58 3.57 3.57 3.57 3.57 3.57 3.57 3.57 3.58 3.58 3.58 3.58 3.57 3.57 3.56 3.56 3.57 3.57 3.58 3.57 3.57 3.56 3.56 3.56 3.56 1
3.59 3.58 3.58 3.58 3.58 3.58 3.59 3.58 3.57 3.57 3.57 3.57 3.57 3.57 3.57 3.58 3.58 3.58 3.58 3.57 3.57 3.56 3.56 3.57 3.57 1
3.62 3.61 3.61 3.61 3.61 3.61 3.61 3.61 3.61 3.61 3.61 3.62 3.62 3.62 3.63 3.62 3.61 3.61 3.6 3.6 3.6 3.6 3.6 3.59 3.59 1
3.64 3.63 3.63 3.63 3.63 3.64 3.65 3.65 3.64 3.63 3.63 3.62 3.62 3.62 3.62 3.62 3.61 3.61 3.61 3.61 3.61 3.61 3.61 3.61 3.61 1
3.68 3.66 3.65 3.65 3.65 3.66 3.66 3.65 3.65 3.64 3.64 3.64 3.64 3.64 3.63 3.63 3.63 3.63 3.64 3.65 3.65 3.64 3.63 3.63 3.62 1
3.72 3.72 3.72 3.71 3.7 3.71 3.73 3.71 3.73 3.74 3.73 3.75 3.72 3.69 3.67 3.67 3.68 3.67 3.67 3.68 3.69 3.68 3.68 3.66 3.65 0
3.71 3.7 3.7 3.7 3.7 3.72 3.72 3.72 3.72 3.71 3.7 3.71 3.73 3.71 3.73 3.74 3.73 3.75 3.72 3.69 3.67 3.67 3.68 3.67 3.67 0
3.66 3.66 3.66 3.66 3.66 3.66 3.66 3.65 3.66 3.66 3.66 3.64 3.64 3.67 3.7 3.72 3.71 3.7 3.7 3.7 3.7 3.72 3.72 3.72 3.72 0
3.59 3.57 3.56 3.58 3.59 3.61 3.63 3.63 3.64 3.66 3.66 3.66 3.66 3.66 3.66 3.66 3.66 3.65 3.66 3.66 3.66 3.64 3.64 3.67 3.7 1
3.61 3.6 3.6 3.6 3.6 3.6 3.61 3.61 3.61 3.61 3.61 3.61 3.61 3.6 3.6 3.6 3.6 3.59 3.59 3.6 3.6 3.6 3.6 3.59 3.59 0
3.53 3.52 3.52 3.51 3.52 3.53 3.54 3.54 3.56 3.56 3.57 3.57 3.57 3.56 3.57 3.58 3.58 3.59 3.59 3.6 3.6 3.6 3.6 3.61 3.61 0
3.5 3.5 3.5 3.5 3.5 3.51 3.52 3.52 3.52 3.53 3.53 3.53 3.53 3.53 3.52 3.52 3.51 3.52 3.53 3.54 3.54 3.56 3.56 3.57 3.57 0
3.51 3.5 3.49 3.49 3.5 3.5 3.51 3.51 3.5 3.5 3.5 3.5 3.5 3.5 3.5 3.51 3.52 3.52 3.52 3.53 3.53 3.53 3.53 3.53 3.52 0
3.49 3.48 3.48 3.48 3.48 3.48 3.47 3.48 3.49 3.49 3.49 3.49 3.49 3.5 3.51 3.51 3.51 3.5 3.49 3.49 3.5 3.5 3.51 3.51 3.5 1
3.45 3.44 3.43 3.43 3.45 3.47 3.48 3.48 3.49 3.5 3.5 3.5 3.5 3.5 3.49 3.48 3.48 3.48 3.48 3.48 3.49 3.49 3.48 3.48 3.48 1
3.49 3.49 3.48 3.48 3.48 3.5 3.5 3.5 3.5 3.5 3.5 3.51 3.5 3.5 3.51 3.51 3.51 3.5 3.51 3.51 3.52 3.53 3.53 3.53 3.53 1
3.5 3.5 3.49 3.49 3.5 3.5 3.5 3.5 3.5 3.49 3.49 3.49 3.49 3.49 3.49 3.49 3.49 3.48 3.48 3.48 3.5 3.5 3.5 3.5 3.5 1
3.5 3.49 3.49 3.49 3.49 3.5 3.51 3.51 3.52 3.52 3.53 3.52 3.52 3.52 3.53 3.53 3.53 3.52 3.52 3.52 3.51 3.51 3.51 3.5 3.5 1
3.5 3.49 3.49 3.49 3.5 3.5 3.5 3.5 3.5 3.5 3.49 3.49 3.49 3.49 3.5 3.51 3.51 3.52 3.52 3.53 3.52 3.52 3.52 3.53 3.53 1
3.47 3.46 3.46 3.46 3.46 3.45 3.45 3.45 3.46 3.47 3.46 3.47 3.48 3.49 3.49 3.5 3.5 3.5 3.5 3.5 3.51 3.51 3.51 3.5 3.5 0
3.47 3.47 3.47 3.47 3.47 3.46 3.47 3.47 3.46 3.46 3.46 3.46 3.47 3.47 3.47 3.47 3.46 3.46 3.46 3.46 3.45 3.45 3.45 3.46 3.47 1
3.5 3.49 3.49 3.49 3.49 3.5 3.49 3.49 3.48 3.48 3.47 3.47 3.47 3.47 3.47 3.46 3.47 3.47 3.46 3.46 3.46 3.46 3.47 3.47 3.47 1
3.58 3.58 3.58 3.57 3.57 3.57 3.58 3.58 3.58 3.57 3.57 3.58 3.57 3.57 3.58 3.57 3.55 3.54 3.54 3.54 3.54 3.53 3.54 3.53 3.51 0
3.59 3.59 3.57 3.58 3.58 3.58 3.58 3.57 3.57 3.57 3.58 3.58 3.58 3.57 3.57 3.58 3.57 3.57 3.58 3.57 3.55 3.54 3.54 3.54 3.54 0
3.58 3.57 3.57 3.58 3.59 3.59 3.57 3.58 3.58 3.58 3.58 3.57 3.57 3.57 3.58 3.58 3.58 3.57 3.57 3.58 3.57 3.57 3.58 3.57 3.55 0
3.58 3.57 3.57 3.58 3.58 3.59 3.58 3.57 3.57 3.58 3.59 3.59 3.57 3.58 3.58 3.58 3.58 3.57 3.57 3.57 3.58 3.58 3.58 3.57 3.57 1
3.59 3.58 3.58 3.59 3.6 3.6 3.59 3.58 3.57 3.57 3.58 3.58 3.59 3.58 3.57 3.57 3.58 3.59 3.59 3.57 3.58 3.58 3.58 3.58 3.57 1
3.61 3.6 3.6 3.6 3.6 3.61 3.6 3.6 3.61 3.61 3.61 3.61 3.6 3.59 3.59 3.59 3.59 3.58 3.58 3.59 3.6 3.6 3.59 3.58 3.57 1
3.62 3.6 3.6 3.61 3.61 3.6 3.6 3.6 3.6 3.61 3.6 3.6 3.61 3.61 3.61 3.61 3.6 3.59 3.59 3.59 3.59 3.58 3.58 3.59 3.6 0
3.56 3.55 3.54 3.55 3.56 3.57 3.57 3.57 3.58 3.58 3.58 3.58 3.58 3.59 3.6 3.6 3.6 3.61 3.61 3.62 3.62 3.63 3.63 3.62 3.62 1
3.58 3.58 3.58 3.58 3.58 3.58 3.59 3.58 3.57 3.57 3.57 3.57 3.56 3.56 3.55 3.54 3.55 3.56 3.57 3.57 3.57 3.58 3.58 3.58 3.58 1
3.6 3.59 3.59 3.59 3.6 3.6 3.6 3.59 3.58 3.58 3.58 3.58 3.58 3.58 3.58 3.58 3.58 3.58 3.58 3.59 3.58 3.57 3.57 3.57 3.57 0
3.6 3.59 3.59 3.6 3.6 3.6 3.6 3.6 3.59 3.59 3.59 3.6 3.6 3.6 3.59 3.58 3.58 3.58 3.58 3.58 3.58 3.58 3.58 3.58 3.58 0
3.6 3.59 3.59 3.59 3.6 3.6 3.59 3.59 3.6 3.6 3.6 3.6 3.6 3.59 3.59 3.59 3.6 3.6 3.6 3.59 3.58 3.58 3.58 3.58 3.58 0
3.59 3.59 3.59 3.59 3.6 3.6 3.6 3.6 3.6 3.6 3.6 3.6 3.59 3.59 3.59 3.6 3.6 3.59 3.59 3.6 3.6 3.6 3.6 3.6 3.59 0
3.6 3.59 3.59 3.59 3.59 3.59 3.59 3.59 3.59 3.59 3.6 3.6 3.6 3.6 3.6 3.6 3.6 3.6 3.59 3.59 3.59 3.6 3.6 3.59 3.59 1
3.6 3.6 3.59 3.59 3.6 3.6 3.6 3.6 3.6 3.6 3.6 3.6 3.61 3.61 3.6 3.6 3.59 3.59 3.59 3.59 3.59 3.59 3.59 3.59 3.59 1
3.62 3.62 3.61 3.62 3.62 3.62 3.62 3.62 3.62 3.62 3.62 3.62 3.61 3.61 3.6 3.6 3.6 3.6 3.59 3.59 3.6 3.6 3.6 3.6 3.6 0
3.62 3.61 3.61 3.61 3.6 3.61 3.61 3.61 3.61 3.61 3.62 3.61 3.61 3.61 3.62 3.62 3.62 3.62 3.61 3.62 3.62 3.62 3.62 3.62 3.62 1
3.64 3.64 3.63 3.64 3.63 3.63 3.63 3.63 3.63 3.63 3.63 3.64 3.64 3.64 3.64 3.63 3.63 3.63 3.63 3.64 3.63 3.63 3.63 3.63 3.63 0
3.63 3.63 3.63 3.63 3.63 3.63 3.63 3.64 3.64 3.64 3.63 3.64 3.63 3.63 3.63 3.63 3.63 3.63 3.63 3.64 3.64 3.64 3.64 3.63 3.63 0
3.63 3.62 3.62 3.62 3.62 3.62 3.63 3.63 3.63 3.63 3.63 3.64 3.64 3.64 3.63 3.63 3.63 3.63 3.63 3.63 3.63 3.64 3.64 3.64 3.63 1
3.65 3.65 3.64 3.65 3.65 3.66 3.67 3.67 3.67 3.67 3.67 3.67 3.66 3.65 3.65 3.65 3.65 3.65 3.64 3.63 3.62 3.62 3.62 3.62 3.62 0
3.65 3.64 3.64 3.64 3.64 3.64 3.65 3.65 3.65 3.64 3.65 3.65 3.66 3.67 3.67 3.67 3.67 3.67 3.67 3.66 3.65 3.65 3.65 3.65 3.65 1
3.64 3.63 3.63 3.63 3.64 3.63 3.63 3.64 3.65 3.65 3.65 3.65 3.65 3.65 3.66 3.66 3.66 3.66 3.66 3.66 3.67 3.67 3.67 3.67 3.67 1
3.65 3.64 3.64 3.64 3.64 3.64 3.64 3.64 3.64 3.64 3.63 3.63 3.63 3.64 3.63 3.63 3.64 3.65 3.65 3.65 3.65 3.65 3.65 3.66 3.66 1
3.64 3.63 3.63 3.64 3.64 3.64 3.64 3.64 3.64 3.65 3.65 3.65 3.64 3.65 3.66 3.67 3.66 3.65 3.65 3.65 3.65 3.65 3.65 3.65 3.65 1
3.64 3.64 3.64 3.64 3.64 3.64 3.64 3.64 3.64 3.65 3.65 3.65 3.64 3.64 3.64 3.64 3.64 3.63 3.63 3.64 3.64 3.64 3.64 3.64 3.64 1
3.65 3.65 3.65 3.65 3.66 3.66 3.66 3.66 3.66 3.66 3.66 3.66 3.65 3.65 3.65 3.65 3.65 3.65 3.65 3.64 3.64 3.64 3.64 3.64 3.64 0
3.65 3.65 3.65 3.65 3.65 3.65 3.65 3.66 3.65 3.65 3.65 3.65 3.66 3.66 3.66 3.66 3.66 3.66 3.66 3.66 3.65 3.65 3.65 3.65 3.65 1
3.67 3.64 3.62 3.62 3.62 3.63 3.64 3.65 3.65 3.65 3.65 3.65 3.65 3.65 3.65 3.65 3.65 3.65 3.65 3.65 3.65 3.65 3.65 3.65 3.66 1
3.69 3.68 3.68 3.68 3.69 3.69 3.69 3.69 3.7 3.72 3.72 3.71 3.7 3.7 3.7 3.68 3.67 3.64 3.62 3.62 3.62 3.63 3.64 3.65 3.65 1
3.71 3.7 3.69 3.7 3.71 3.71 3.7 3.69 3.68 3.68 3.68 3.69 3.69 3.69 3.69 3.7 3.72 3.72 3.71 3.7 3.7 3.7 3.68 3.67 3.64 1
3.73 3.73 3.73 3.72 3.72 3.73 3.74 3.74 3.73 3.73 3.72 3.71 3.7 3.69 3.7 3.71 3.71 3.7 3.69 3.68 3.68 3.68 3.69 3.69 3.69 0
3.69 3.69 3.68 3.68 3.68 3.69 3.69 3.7 3.71 3.72 3.72 3.73 3.74 3.75 3.74 3.74 3.74 3.73 3.73 3.73 3.72 3.72 3.73 3.74 3.74 1
3.7 3.7 3.69 3.69 3.69 3.7 3.7 3.7 3.7 3.7 3.7 3.69 3.69 3.68 3.68 3.68 3.69 3.69 3.7 3.71 3.72 3.72 3.73 3.74 3.75 1
3.74 3.73 3.74 3.74 3.73 3.73 3.74 3.75 3.73 3.72 3.71 3.7 3.7 3.7 3.69 3.69 3.69 3.7 3.7 3.7 3.7 3.7 3.7 3.69 3.69 1
3.75 3.74 3.73 3.75 3.76 3.75 3.74 3.73 3.74 3.74 3.73 3.73 3.74 3.75 3.73 3.72 3.71 3.7 3.7 3.7 3.69 3.69 3.69 3.7 3.7 1
3.76 3.75 3.75 3.76 3.76 3.75 3.74 3.73 3.75 3.76 3.75 3.74 3.73 3.74 3.74 3.73 3.73 3.74 3.75 3.73 3.72 3.71 3.7 3.7 3.7 0
3.76 3.75 3.75 3.75 3.75 3.75 3.76 3.76 3.76 3.75 3.75 3.76 3.76 3.75 3.74 3.73 3.75 3.76 3.75 3.74 3.73 3.74 3.74 3.73 3.73 0
3.75 3.74 3.74 3.74 3.74 3.74 3.75 3.75 3.75 3.76 3.76 3.75 3.75 3.75 3.75 3.75 3.76 3.76 3.76 3.75 3.75 3.76 3.76 3.75 3.74 1
3.79 3.79 3.78 3.78 3.78 3.78 3.78 3.78 3.78 3.78 3.78 3.77 3.78 3.78 3.77 3.76 3.76 3.76 3.76 3.76 3.75 3.75 3.75 3.74 3.75 0
3.71 3.71 3.71 3.71 3.71 3.72 3.72 3.73 3.74 3.75 3.75 3.74 3.75 3.75 3.75 3.75 3.75 3.75 3.75 3.75 3.75 3.76 3.76 3.76 3.76 0
3.71 3.7 3.7 3.7 3.71 3.71 3.71 3.71 3.71 3.71 3.71 3.71 3.72 3.72 3.73 3.74 3.75 3.75 3.74 3.75 3.75 3.75 3.75 3.75 3.75 0
3.7 3.7 3.69 3.7 3.71 3.71 3.7 3.7 3.7 3.71 3.71 3.71 3.71 3.71 3.71 3.71 3.71 3.72 3.72 3.73 3.74 3.75 3.75 3.74 3.75 0
3.7 3.69 3.69 3.7 3.69 3.69 3.69 3.69 3.7 3.7 3.7 3.7 3.7 3.7 3.7 3.69 3.7 3.71 3.71 3.7 3.7 3.7 3.71 3.71 3.71 1
3.7 3.7 3.69 3.7 3.71 3.7 3.71 3.72 3.7 3.7 3.69 3.69 3.7 3.69 3.69 3.69 3.69 3.7 3.7 3.7 3.7 3.7 3.7 3.7 3.69 1
3.72 3.71 3.7 3.71 3.71 3.72 3.72 3.71 3.71 3.71 3.7 3.7 3.7 3.7 3.7 3.69 3.7 3.71 3.7 3.71 3.72 3.7 3.7 3.69 3.69 1
3.73 3.72 3.72 3.72 3.72 3.73 3.74 3.73 3.73 3.72 3.72 3.72 3.71 3.7 3.71 3.71 3.72 3.72 3.71 3.71 3.71 3.7 3.7 3.7 3.7 0
3.73 3.73 3.72 3.72 3.72 3.72 3.73 3.73 3.73 3.73 3.73 3.72 3.73 3.73 3.72 3.72 3.72 3.72 3.73 3.74 3.73 3.73 3.72 3.72 3.72 1
3.73 3.73 3.73 3.73 3.73 3.73 3.73 3.73 3.73 3.73 3.74 3.73 3.73 3.73 3.73 3.73 3.72 3.72 3.72 3.72 3.73 3.73 3.73 3.73 3.73 1
3.82 3.81 3.81 3.82 3.82 3.82 3.81 3.82 3.83 3.83 3.84 3.83 3.82 3.81 3.8 3.8 3.81 3.81 3.79 3.76 3.76 3.75 3.75 3.75 3.76 1
3.82 3.81 3.81 3.82 3.82 3.82 3.83 3.83 3.83 3.84 3.84 3.84 3.84 3.83 3.82 3.82 3.82 3.82 3.82 3.81 3.81 3.82 3.82 3.82 3.81 1
3.88 3.87 3.87 3.87 3.88 3.89 3.89 3.88 3.88 3.87 3.87 3.87 3.87 3.85 3.84 3.84 3.85 3.83 3.82 3.81 3.81 3.82 3.82 3.82 3.83 1
3.97 3.96 3.96 3.97 3.97 3.97 3.97 3.97 3.97 3.96 3.96 3.95 3.95 3.94 3.95 3.95 3.95 3.95 3.95 3.94 3.94 3.95 3.93 3.91 3.89 0
3.92 3.91 3.9 3.91 3.91 3.92 3.92 3.93 3.93 3.93 3.93 3.93 3.93 3.94 3.94 3.93 3.95 3.96 3.97 3.97 3.97 3.97 3.97 3.97 3.96 1
3.96 3.94 3.94 3.94 3.94 3.94 3.94 3.93 3.93 3.94 3.94 3.94 3.93 3.93 3.93 3.93 3.93 3.92 3.91 3.9 3.91 3.91 3.92 3.92 3.93 1
3.97 3.96 3.96 3.96 3.96 3.96 3.95 3.96 3.97 3.96 3.94 3.94 3.94 3.94 3.94 3.94 3.93 3.93 3.94 3.94 3.94 3.93 3.93 3.93 3.93 0
3.91 3.9 3.9 3.9 3.92 3.93 3.94 3.97 3.97 3.97 3.96 3.97 3.96 3.96 3.96 3.96 3.96 3.95 3.96 3.97 3.96 3.94 3.94 3.94 3.94 1
3.92 3.91 3.91 3.91 3.91 3.91 3.92 3.92 3.92 3.92 3.92 3.91 3.91 3.91 3.9 3.9 3.9 3.92 3.93 3.94 3.97 3.97 3.97 3.96 3.97 0
3.88 3.88 3.88 3.88 3.87 3.87 3.88 3.88 3.88 3.88 3.89 3.91 3.91 3.91 3.92 3.92 3.91 3.91 3.91 3.91 3.91 3.92 3.92 3.92 3.92 1
3.89 3.89 3.88 3.89 3.89 3.88 3.88 3.89 3.88 3.88 3.88 3.88 3.88 3.87 3.87 3.88 3.88 3.88 3.88 3.89 3.91 3.91 3.91 3.92 3.92 1
3.9 3.89 3.89 3.89 3.9 3.9 3.9 3.91 3.9 3.91 3.91 3.89 3.9 3.92 3.93 3.92 3.91 3.91 3.9 3.9 3.9 3.9 3.9 3.91 3.9 1
3.93 3.92 3.92 3.91 3.91 3.91 3.93 3.94 3.92 3.92 3.91 3.91 3.91 3.9 3.89 3.89 3.89 3.9 3.9 3.9 3.91 3.9 3.91 3.91 3.89 0
3.93 3.92 3.92 3.92 3.91 3.91 3.92 3.93 3.92 3.92 3.91 3.91 3.91 3.93 3.94 3.92 3.92 3.91 3.91 3.91 3.9 3.89 3.89 3.89 3.9 1
3.98 3.96 3.96 3.98 3.98 3.98 3.98 3.97 3.97 3.97 3.95 3.94 3.93 3.92 3.92 3.92 3.91 3.91 3.92 3.93 3.92 3.92 3.91 3.91 3.91 1
4 3.99 3.99 4 4.01 3.99 3.99 3.98 3.98 3.99 3.99 3.98 3.96 3.96 3.98 3.98 3.98 3.98 3.97 3.97 3.97 3.95 3.94 3.93 3.92 1
4.08 4.07 4.06 4.07 4.07 4.05 4.05 4.07 4.07 4.07 4.06 4.06 4.06 4.04 4.04 4.04 4.03 4.03 4.03 4.03 4.03 4.02 4.02 4.02 4.01 1
4.09 4.08 4.07 4.07 4.07 4.08 4.08 4.09 4.09 4.09 4.08 4.07 4.06 4.07 4.07 4.05 4.05 4.07 4.07 4.07 4.06 4.06 4.06 4.04 4.04 0
4.08 4.07 4.07 4.08 4.08 4.08 4.07 4.07 4.07 4.07 4.08 4.09 4.08 4.07 4.07 4.07 4.08 4.08 4.09 4.09 4.09 4.08 4.07 4.06 4.07 1
4.14 4.13 4.13 4.13 4.14 4.15 4.14 4.13 4.12 4.11 4.11 4.11 4.1 4.08 4.07 4.07 4.08 4.08 4.08 4.07 4.07 4.07 4.07 4.08 4.09 1
4.16 4.15 4.13 4.14 4.15 4.14 4.15 4.18 4.18 4.17 4.16 4.16 4.16 4.16 4.16 4.15 4.15 4.15 4.15 4.14 4.13 4.13 4.13 4.14 4.15 0
4.16 4.14 4.14 4.14 4.15 4.15 4.16 4.15 4.13 4.14 4.15 4.14 4.15 4.18 4.18 4.17 4.16 4.16 4.16 4.16 4.16 4.15 4.15 4.15 4.15 1
4.17 4.16 4.15 4.16 4.17 4.16 4.14 4.14 4.14 4.15 4.15 4.16 4.15 4.13 4.14 4.15 4.14 4.15 4.18 4.18 4.17 4.16 4.16 4.16 4.16 0
4.17 4.16 4.16 4.16 4.16 4.15 4.17 4.17 4.17 4.18 4.17 4.16 4.17 4.16 4.15 4.16 4.17 4.16 4.14 4.14 4.14 4.15 4.15 4.16 4.15 0
4.15 4.14 4.14 4.14 4.14 4.14 4.15 4.15 4.17 4.17 4.16 4.16 4.16 4.16 4.15 4.17 4.17 4.17 4.18 4.17 4.16 4.17 4.16 4.15 4.16 0
4.15 4.14 4.13 4.14 4.15 4.14 4.14 4.14 4.14 4.14 4.15 4.15 4.17 4.17 4.16 4.16 4.16 4.16 4.15 4.17 4.17 4.17 4.18 4.17 4.16 1
4.06 4.05 4.03 4.03 4.04 4.03 4.05 4.06 4.06 4.08 4.1 4.11 4.11 4.11 4.11 4.11 4.12 4.12 4.12 4.11 4.11 4.12 4.14 4.16 4.15 0
4 3.98 3.97 4 4.03 4.04 4.06 4.06 4.06 4.06 4.05 4.05 4.06 4.05 4.03 4.03 4.04 4.03 4.05 4.06 4.06 4.08 4.1 4.11 4.11 0
3.94 3.92 3.91 3.93 3.95 3.98 4 4 3.99 3.98 3.98 3.98 3.98 3.99 3.99 3.99 3.99 4 4.01 4 3.98 3.97 4 4.03 4.04 1
3.98 3.97 3.97 3.97 3.98 3.97 3.97 3.96 3.96 3.96 3.95 3.95 3.94 3.92 3.91 3.93 3.95 3.98 4 4 3.99 3.98 3.98 3.98 3.98 0
3.99 3.98 3.98 3.98 3.98 3.98 3.98 3.97 3.97 3.97 3.98 3.97 3.97 3.96 3.96 3.96 3.95 3.95 3.94 3.92 3.91 3.93 3.95 3.98 4 1
4.02 4.01 4 4.01 4.01 4.01 4.01 4 4 4 4.01 4.01 4.01 4.02 4.01 4 3.99 3.99 3.99 3.99 3.98 3.98 3.98 3.98 3.98 0
4.03 4.02 4.01 4.01 4.01 4.02 4.02 4.02 4.02 4.01 4 4.01 4.01 4.01 4.01 4 4 4 4.01 4.01 4.01 4.02 4.01 4 3.99 0
4 3.99 3.99 4 4.01 4 4 4.01 4.03 4.03 4.03 4.04 4.03 4.02 4.01 4.01 4.01 4.02 4.02 4.02 4.02 4.01 4 4.01 4.01 0
4 3.98 3.98 3.98 4 4.01 4.01 4.02 4.01 4 4 3.99 3.99 4 4.01 4 4 4.01 4.03 4.03 4.03 4.04 4.03 4.02 4.01 1
4.01 3.99 3.99 4 4 3.99 3.99 3.99 4 3.98 3.98 3.98 4 4.01 4.01 4.02 4.01 4 4 3.99 3.99 4 4.01 4 4 1
4.1 4.08 4.09 4.08 4.08 4.09 4.09 4.09 4.1 4.13 4.14 4.12 4.12 4.1 4.1 4.09 4.09 4.08 4.08 4.08 4.06 4.04 4.03 4.01 3.99 1
4.13 4.12 4.12 4.12 4.13 4.13 4.13 4.11 4.11 4.11 4.11 4.1 4.1 4.1 4.11 4.1 4.1 4.08 4.09 4.08 4.08 4.09 4.09 4.09 4.1 0
4.13 4.12 4.11 4.12 4.14 4.14 4.14 4.14 4.14 4.13 4.13 4.12 4.12 4.12 4.13 4.13 4.13 4.11 4.11 4.11 4.11 4.1 4.1 4.1 4.11 0
4.13 4.12 4.11 4.11 4.13 4.13 4.13 4.12 4.11 4.12 4.14 4.14 4.14 4.14 4.14 4.13 4.13 4.12 4.12 4.12 4.13 4.13 4.13 4.11 4.11 0
4.12 4.12 4.1 4.1 4.12 4.13 4.13 4.12 4.11 4.11 4.13 4.13 4.13 4.12 4.11 4.12 4.14 4.14 4.14 4.14 4.14 4.13 4.13 4.12 4.12 0
4.09 4.09 4.08 4.09 4.1 4.1 4.1 4.11 4.11 4.11 4.11 4.11 4.11 4.11 4.12 4.12 4.12 4.12 4.1 4.1 4.12 4.13 4.13 4.12 4.11 0
4.05 4.04 4.04 4.04 4.03 4.04 4.05 4.05 4.05 4.06 4.07 4.08 4.08 4.09 4.09 4.09 4.1 4.1 4.09 4.09 4.08 4.09 4.1 4.1 4.1 0
4.05 4.04 4.04 4.04 4.05 4.04 4.04 4.04 4.03 4.04 4.05 4.05 4.05 4.06 4.07 4.08 4.08 4.09 4.09 4.09 4.1 4.1 4.09 4.09 4.08 1
4.11 4.1 4.1 4.11 4.11 4.11 4.11 4.1 4.09 4.1 4.09 4.09 4.08 4.08 4.07 4.06 4.06 4.05 4.04 4.04 4.04 4.05 4.04 4.04 4.04 1
4.19 4.17 4.17 4.17 4.19 4.19 4.18 4.17 4.18 4.19 4.19 4.17 4.15 4.13 4.13 4.14 4.14 4.13 4.11 4.1 4.1 4.11 4.11 4.11 4.11 1
4.16 4.16 4.15 4.16 4.16 4.15 4.17 4.19 4.18 4.19 4.21 4.21 4.2 4.21 4.2 4.18 4.19 4.19 4.19 4.17 4.17 4.17 4.19 4.19 4.18 1
4.22 4.21 4.21 4.21 4.21 4.22 4.21 4.21 4.22 4.22 4.21 4.21 4.21 4.22 4.22 4.2 4.19 4.19 4.18 4.18 4.19 4.17 4.17 4.18 4.18 0
4.21 4.21 4.21 4.2 4.2 4.22 4.22 4.21 4.21 4.21 4.21 4.22 4.21 4.21 4.22 4.22 4.21 4.21 4.21 4.22 4.22 4.2 4.19 4.19 4.18 1
4.25 4.22 4.2 4.21 4.25 4.27 4.27 4.26 4.26 4.27 4.28 4.27 4.27 4.26 4.25 4.25 4.24 4.23 4.23 4.24 4.23 4.23 4.23 4.21 4.21 1
4.32 4.32 4.32 4.31 4.3 4.31 4.32 4.32 4.33 4.33 4.31 4.31 4.31 4.29 4.29 4.3 4.29 4.28 4.27 4.25 4.24 4.25 4.25 4.24 4.23 0
4.23 4.21 4.21 4.22 4.24 4.25 4.24 4.26 4.27 4.28 4.29 4.3 4.31 4.32 4.32 4.32 4.31 4.3 4.31 4.32 4.32 4.33 4.33 4.31 4.31 1
4.25 4.25 4.24 4.24 4.25 4.24 4.23 4.23 4.24 4.24 4.23 4.21 4.21 4.22 4.24 4.25 4.24 4.26 4.27 4.28 4.29 4.3 4.31 4.32 4.32 0
4.26 4.25 4.24 4.24 4.24 4.24 4.25 4.25 4.24 4.24 4.25 4.24 4.23 4.23 4.24 4.24 4.23 4.21 4.21 4.22 4.24 4.25 4.24 4.26 4.27 0
4.26 4.23 4.22 4.24 4.25 4.26 4.26 4.25 4.24 4.24 4.24 4.24 4.25 4.25 4.24 4.24 4.25 4.24 4.23 4.23 4.24 4.24 4.23 4.21 4.21 1
4.28 4.27 4.26 4.27 4.27 4.26 4.27 4.29 4.3 4.29 4.26 4.26 4.26 4.23 4.22 4.24 4.25 4.26 4.26 4.25 4.24 4.24 4.24 4.24 4.25 0
4.26 4.25 4.25 4.26 4.27 4.29 4.28 4.28 4.27 4.26 4.27 4.27 4.26 4.27 4.29 4.3 4.29 4.26 4.26 4.26 4.23 4.22 4.24 4.25 4.26 0
4.17 4.15 4.14 4.14 4.15 4.16 4.18 4.19 4.18 4.2 4.21 4.21 4.21 4.22 4.24 4.27 4.28 4.27 4.27 4.27 4.27 4.26 4.25 4.25 4.26 0
4.17 4.15 4.14 4.14 4.17 4.18 4.17 4.15 4.14 4.14 4.15 4.16 4.18 4.19 4.18 4.2 4.21 4.21 4.21 4.22 4.24 4.27 4.28 4.27 4.27 1
4.25 4.23 4.22 4.23 4.23 4.23 4.23 4.22 4.22 4.22 4.22 4.22 4.21 4.2 4.2 4.19 4.18 4.17 4.18 4.17 4.17 4.18 4.17 4.17 4.17 1
4.31 4.29 4.28 4.28 4.29 4.31 4.31 4.31 4.32 4.31 4.29 4.29 4.27 4.25 4.23 4.22 4.23 4.23 4.23 4.23 4.22 4.22 4.22 4.22 4.22 0
4.29 4.28 4.27 4.27 4.28 4.28 4.28 4.29 4.31 4.32 4.32 4.31 4.3 4.31 4.29 4.28 4.28 4.29 4.31 4.31 4.31 4.32 4.31 4.29 4.29 1
4.25 4.25 4.24 4.23 4.24 4.25 4.26 4.27 4.27 4.27 4.26 4.27 4.26 4.26 4.28 4.29 4.29 4.3 4.3 4.3 4.32 4.33 4.31 4.3 4.3 1
4.34 4.34 4.33 4.33 4.34 4.34 4.35 4.35 4.34 4.34 4.34 4.35 4.35 4.33 4.32 4.32 4.32 4.3 4.28 4.27 4.26 4.25 4.25 4.24 4.23 0
4.33 4.32 4.3 4.31 4.34 4.36 4.35 4.34 4.34 4.33 4.33 4.34 4.34 4.35 4.35 4.34 4.34 4.34 4.35 4.35 4.33 4.32 4.32 4.32 4.3 0
4.36 4.34 4.33 4.33 4.33 4.33 4.32 4.32 4.33 4.32 4.3 4.31 4.34 4.36 4.35 4.34 4.34 4.33 4.33 4.34 4.34 4.35 4.35 4.34 4.34 1
4.35 4.35 4.34 4.34 4.34 4.34 4.34 4.35 4.36 4.36 4.37 4.36 4.34 4.33 4.33 4.33 4.33 4.32 4.32 4.33 4.32 4.3 4.31 4.34 4.36 1
4.38 4.37 4.36 4.36 4.36 4.36 4.37 4.38 4.38 4.37 4.36 4.35 4.35 4.34 4.34 4.34 4.34 4.34 4.35 4.36 4.36 4.37 4.36 4.34 4.33 0
4.4 4.38 4.38 4.36 4.37 4.38 4.38 4.37 4.36 4.36 4.36 4.36 4.37 4.38 4.38 4.37 4.36 4.35 4.35 4.34 4.34 4.34 4.34 4.34 4.35 1
4.42 4.4 4.39 4.41 4.42 4.42 4.42 4.4 4.4 4.38 4.38 4.36 4.37 4.38 4.38 4.37 4.36 4.36 4.36 4.36 4.37 4.38 4.38 4.37 4.36 0
4.43 4.41 4.4 4.41 4.42 4.42 4.42 4.4 4.39 4.41 4.42 4.42 4.42 4.4 4.4 4.38 4.38 4.36 4.37 4.38 4.38 4.37 4.36 4.36 4.36 1
4.43 4.42 4.41 4.41 4.42 4.42 4.43 4.43 4.44 4.45 4.44 4.44 4.45 4.45 4.45 4.45 4.44 4.43 4.41 4.4 4.41 4.42 4.42 4.42 4.4 1
4.44 4.43 4.42 4.43 4.43 4.44 4.45 4.45 4.43 4.42 4.41 4.41 4.42 4.42 4.43 4.43 4.44 4.45 4.44 4.44 4.45 4.45 4.45 4.45 4.44 1
4.45 4.43 4.43 4.44 4.44 4.43 4.44 4.45 4.46 4.46 4.46 4.46 4.46 4.47 4.48 4.49 4.48 4.48 4.48 4.47 4.47 4.46 4.44 4.43 4.42 1
4.5 4.5 4.49 4.5 4.5 4.5 4.5 4.49 4.47 4.46 4.46 4.45 4.43 4.43 4.44 4.44 4.43 4.44 4.45 4.46 4.46 4.46 4.46 4.46 4.47 1
4.58 4.57 4.56 4.56 4.58 4.58 4.59 4.6 4.61 4.62 4.62 4.62 4.63 4.63 4.62 4.6 4.59 4.6 4.59 4.58 4.59 4.59 4.58 4.58 4.56 0
4.48 4.45 4.44 4.44 4.44 4.45 4.45 4.47 4.48 4.48 4.48 4.47 4.49 4.5 4.52 4.53 4.53 4.54 4.57 4.59 4.58 4.57 4.56 4.56 4.58 0
4.46 4.42 4.41 4.44 4.45 4.47 4.48 4.45 4.44 4.44 4.44 4.45 4.45 4.47 4.48 4.48 4.48 4.47 4.49 4.5 4.52 4.53 4.53 4.54 4.57 1
4.48 4.46 4.45 4.46 4.46 4.46 4.42 4.41 4.44 4.45 4.47 4.48 4.45 4.44 4.44 4.44 4.45 4.45 4.47 4.48 4.48 4.48 4.47 4.49 4.5 1
4.48 4.45 4.44 4.45 4.45 4.46 4.46 4.47 4.47 4.48 4.5 4.5 4.5 4.49 4.49 4.49 4.49 4.51 4.51 4.5 4.5 4.48 4.48 4.46 4.45 1
4.46 4.45 4.43 4.44 4.46 4.47 4.46 4.47 4.49 4.48 4.47 4.46 4.47 4.48 4.48 4.45 4.44 4.45 4.45 4.46 4.46 4.47 4.47 4.48 4.5 1
4.49 4.47 4.47 4.47 4.47 4.49 4.49 4.49 4.5 4.49 4.47 4.46 4.45 4.43 4.44 4.46 4.47 4.46 4.47 4.49 4.48 4.47 4.46 4.47 4.48 1
4.49 4.48 4.48 4.48 4.48 4.48 4.48 4.48 4.48 4.49 4.49 4.49 4.49 4.49 4.5 4.53 4.52 4.5 4.5 4.5 4.49 4.49 4.47 4.47 4.47 1
4.42 4.4 4.4 4.42 4.42 4.44 4.46 4.47 4.47 4.5 4.5 4.5 4.49 4.5 4.51 4.53 4.53 4.53 4.52 4.53 4.53 4.53 4.54 4.53 4.53 1
4.49 4.48 4.46 4.46 4.47 4.47 4.48 4.48 4.47 4.48 4.48 4.48 4.48 4.47 4.46 4.46 4.45 4.45 4.43 4.42 4.42 4.4 4.4 4.42 4.42 1
4.56 4.55 4.55 4.55 4.55 4.56 4.57 4.58 4.57 4.57 4.57 4.57 4.54 4.53 4.51 4.51 4.5 4.49 4.49 4.48 4.46 4.46 4.47 4.47 4.48 0
4.54 4.54 4.53 4.53 4.52 4.52 4.53 4.55 4.56 4.56 4.55 4.55 4.56 4.57 4.56 4.56 4.55 4.55 4.55 4.55 4.56 4.57 4.58 4.57 4.57 1
4.43 4.41 4.41 4.44 4.45 4.44 4.44 4.45 4.44 4.45 4.48 4.49 4.49 4.49 4.49 4.51 4.52 4.53 4.54 4.55 4.57 4.58 4.59 4.59 4.59 1
4.43 4.42 4.41 4.4 4.41 4.42 4.42 4.42 4.44 4.45 4.45 4.46 4.47 4.48 4.48 4.46 4.45 4.45 4.45 4.46 4.46 4.44 4.43 4.43 4.41 1
4.44 4.43 4.42 4.43 4.43 4.42 4.43 4.43 4.43 4.43 4.44 4.43 4.44 4.43 4.42 4.41 4.4 4.41 4.42 4.42 4.42 4.44 4.45 4.45 4.46 0
4.42 4.42 4.42 4.42 4.43 4.43 4.44 4.43 4.42 4.43 4.43 4.42 4.43 4.43 4.43 4.43 4.44 4.43 4.44 4.43 4.42 4.41 4.4 4.41 4.42 1
4.49 4.46 4.44 4.44 4.44 4.44 4.45 4.46 4.47 4.47 4.47 4.48 4.47 4.46 4.46 4.45 4.45 4.45 4.45 4.45 4.45 4.44 4.42 4.42 4.42 1
4.62 4.6 4.59 4.6 4.62 4.62 4.61 4.62 4.62 4.61 4.6 4.6 4.61 4.61 4.6 4.6 4.61 4.59 4.58 4.56 4.54 4.53 4.51 4.49 4.49 1
4.7 4.68 4.68 4.67 4.67 4.68 4.69 4.7 4.7 4.7 4.71 4.71 4.71 4.7 4.7 4.7 4.69 4.66 4.66 4.65 4.62 4.6 4.59 4.6 4.62 0
4.68 4.66 4.65 4.65 4.65 4.65 4.66 4.66 4.65 4.65 4.67 4.67 4.67 4.67 4.68 4.67 4.67 4.67 4.68 4.69 4.7 4.7 4.68 4.68 4.67 1
4.62 4.61 4.61 4.6 4.6 4.61 4.61 4.62 4.66 4.68 4.7 4.7 4.69 4.71 4.71 4.7 4.7 4.7 4.69 4.68 4.66 4.65 4.65 4.65 4.65 1
4.62 4.6 4.59 4.59 4.6 4.61 4.61 4.61 4.62 4.62 4.62 4.63 4.63 4.63 4.63 4.63 4.64 4.64 4.65 4.65 4.66 4.66 4.64 4.63 4.63 1
4.62 4.61 4.6 4.61 4.61 4.61 4.61 4.61 4.62 4.62 4.6 4.59 4.59 4.6 4.61 4.61 4.61 4.62 4.62 4.62 4.63 4.63 4.63 4.63 4.63 0
4.61 4.6 4.59 4.59 4.6 4.61 4.63 4.63 4.63 4.63 4.63 4.62 4.61 4.6 4.61 4.61 4.61 4.61 4.61 4.62 4.62 4.6 4.59 4.59 4.6 1
4.61 4.6 4.59 4.6 4.59 4.59 4.61 4.61 4.62 4.62 4.63 4.62 4.62 4.63 4.63 4.61 4.6 4.61 4.61 4.6 4.59 4.59 4.6 4.61 4.63 1
4.61 4.6 4.59 4.6 4.6 4.61 4.61 4.61 4.61 4.62 4.62 4.62 4.62 4.62 4.62 4.61 4.62 4.62 4.62 4.62 4.61 4.61 4.61 4.61 4.61 1
4.62 4.61 4.6 4.61 4.61 4.62 4.62 4.61 4.61 4.6 4.59 4.6 4.6 4.61 4.61 4.61 4.61 4.62 4.62 4.62 4.62 4.62 4.62 4.61 4.62 1
4.72 4.71 4.71 4.7 4.7 4.7 4.71 4.72 4.72 4.72 4.72 4.72 4.72 4.72 4.71 4.69 4.68 4.68 4.68 4.67 4.67 4.67 4.68 4.68 4.67 0
4.68 4.67 4.68 4.69 4.69 4.7 4.7 4.7 4.71 4.72 4.72 4.71 4.71 4.7 4.7 4.7 4.71 4.72 4.72 4.72 4.72 4.72 4.72 4.72 4.71 0
4.63 4.62 4.62 4.63 4.63 4.64 4.65 4.64 4.66 4.67 4.68 4.68 4.68 4.67 4.68 4.69 4.69 4.7 4.7 4.7 4.71 4.72 4.72 4.71 4.71 1
4.62 4.62 4.61 4.61 4.62 4.62 4.62 4.62 4.62 4.63 4.64 4.63 4.63 4.63 4.63 4.64 4.64 4.64 4.63 4.62 4.63 4.63 4.62 4.62 4.63 0
4.62 4.61 4.61 4.61 4.61 4.62 4.62 4.62 4.62 4.61 4.61 4.62 4.62 4.62 4.62 4.62 4.63 4.64 4.63 4.63 4.63 4.63 4.64 4.64 4.64 0
4.63 4.62 4.61 4.61 4.62 4.62 4.62 4.62 4.61 4.61 4.61 4.61 4.62 4.62 4.62 4.62 4.61 4.61 4.62 4.62 4.62 4.62 4.62 4.63 4.64 1
4.61 4.6 4.59 4.6 4.61 4.62 4.61 4.62 4.62 4.62 4.63 4.62 4.62 4.63 4.63 4.63 4.63 4.62 4.61 4.61 4.62 4.62 4.62 4.62 4.61 0
4.61 4.6 4.59 4.6 4.6 4.61 4.61 4.6 4.59 4.6 4.61 4.62 4.61 4.62 4.62 4.62 4.63 4.62 4.62 4.63 4.63 4.63 4.63 4.62 4.61 1
4.66 4.65 4.65 4.65 4.65 4.66 4.65 4.65 4.65 4.64 4.63 4.62 4.62 4.62 4.61 4.6 4.59 4.6 4.6 4.61 4.61 4.6 4.59 4.6 4.61 0
4.67 4.66 4.66 4.65 4.65 4.67 4.68 4.67 4.67 4.67 4.66 4.65 4.65 4.65 4.65 4.66 4.65 4.65 4.65 4.64 4.63 4.62 4.62 4.62 4.61 0
4.66 4.65 4.65 4.65 4.66 4.67 4.69 4.69 4.68 4.68 4.67 4.68 4.68 4.68 4.67 4.66 4.66 4.65 4.65 4.67 4.68 4.67 4.67 4.67 4.66 1
4.74 4.72 4.71 4.71 4.72 4.72 4.73 4.72 4.71 4.72 4.74 4.74 4.74 4.72 4.71 4.71 4.69 4.7 4.69 4.67 4.66 4.65 4.65 4.65 4.66 1
4.84 4.82 4.81 4.82 4.81 4.82 4.83 4.84 4.83 4.82 4.82 4.82 4.81 4.78 4.77 4.74 4.72 4.71 4.71 4.72 4.72 4.73 4.72 4.71 4.72 1
4.84 4.83 4.83 4.83 4.83 4.84 4.84 4.83 4.83 4.85 4.87 4.86 4.86 4.86 4.86 4.85 4.85 4.85 4.86 4.85 4.85 4.84 4.82 4.81 4.82 1
4.87 4.87 4.87 4.86 4.86 4.86 4.86 4.86 4.87 4.86 4.87 4.86 4.86 4.87 4.89 4.91 4.93 4.93 4.92 4.9 4.9 4.89 4.86 4.84 4.84 0
4.84 4.84 4.83 4.83 4.82 4.83 4.84 4.86 4.88 4.89 4.89 4.89 4.88 4.87 4.87 4.87 4.87 4.87 4.87 4.86 4.86 4.86 4.86 4.86 4.87 1
4.87 4.86 4.85 4.86 4.86 4.86 4.86 4.87 4.87 4.88 4.88 4.88 4.87 4.86 4.86 4.86 4.86 4.85 4.84 4.84 4.83 4.83 4.82 4.83 4.84 0
4.84 4.84 4.84 4.84 4.84 4.84 4.84 4.85 4.85 4.85 4.85 4.85 4.85 4.85 4.86 4.87 4.86 4.85 4.86 4.86 4.86 4.86 4.87 4.87 4.88 1
4.82 4.81 4.8 4.8 4.81 4.83 4.83 4.84 4.84 4.84 4.85 4.86 4.86 4.85 4.84 4.84 4.84 4.84 4.84 4.84 4.84 4.84 4.84 4.84 4.85 1
4.82 4.81 4.8 4.81 4.8 4.8 4.8 4.8 4.8 4.8 4.8 4.8 4.8 4.8 4.81 4.81 4.82 4.82 4.82 4.82 4.82 4.81 4.82 4.83 4.83 1
4.83 4.82 4.81 4.81 4.82 4.82 4.82 4.82 4.82 4.82 4.82 4.84 4.83 4.82 4.81 4.8 4.81 4.8 4.8 4.8 4.8 4.8 4.8 4.8 4.8 0
4.81 4.81 4.8 4.81 4.82 4.83 4.83 4.82 4.81 4.81 4.82 4.82 4.82 4.82 4.82 4.82 4.82 4.84 4.83 4.82 4.81 4.8 4.81 4.8 4.8 0
4.79 4.78 4.78 4.78 4.77 4.78 4.77 4.77 4.78 4.79 4.79 4.78 4.78 4.79 4.79 4.8 4.8 4.8 4.79 4.79 4.8 4.8 4.82 4.83 4.83 0
4.78 4.78 4.77 4.77 4.78 4.78 4.78 4.78 4.79 4.79 4.79 4.78 4.78 4.78 4.77 4.78 4.77 4.77 4.78 4.79 4.79 4.78 4.78 4.79 4.79 0
4.75 4.73 4.73 4.74 4.74 4.74 4.75 4.76 4.77 4.78 4.78 4.79 4.79 4.79 4.79 4.78 4.78 4.77 4.77 4.78 4.78 4.78 4.78 4.79 4.79 1
4.84 4.82 4.82 4.82 4.83 4.83 4.84 4.83 4.83 4.82 4.81 4.8 4.78 4.79 4.78 4.77 4.75 4.73 4.73 4.74 4.74 4.74 4.75 4.76 4.77 0
4.82 4.8 4.79 4.79 4.79 4.8 4.8 4.82 4.82 4.81 4.81 4.81 4.81 4.81 4.82 4.83 4.84 4.82 4.82 4.82 4.83 4.83 4.84 4.83 4.83 1
4.7 4.67 4.66 4.63 4.66 4.72 4.73 4.74 4.78 4.8 4.8 4.8 4.81 4.8 4.81 4.83 4.82 4.83 4.83 4.82 4.8 4.79 4.79 4.79 4.8 1
4.75 4.73 4.73 4.72 4.72 4.74 4.73 4.72 4.73 4.74 4.73 4.7 4.67 4.66 4.63 4.66 4.72 4.73 4.74 4.78 4.8 4.8 4.8 4.81 4.8 1
4.87 4.86 4.87 4.87 4.86 4.84 4.85 4.85 4.85 4.85 4.87 4.87 4.87 4.88 4.88 4.89 4.89 4.89 4.88 4.86 4.84 4.81 4.8 4.8 4.8 1
4.88 4.87 4.86 4.86 4.87 4.87 4.87 4.88 4.88 4.89 4.88 4.89 4.89 4.89 4.87 4.86 4.87 4.87 4.86 4.84 4.85 4.85 4.85 4.85 4.87 0
4.89 4.88 4.87 4.87 4.87 4.88 4.88 4.88 4.87 4.88 4.88 4.87 4.86 4.86 4.87 4.87 4.87 4.88 4.88 4.89 4.88 4.89 4.89 4.89 4.87 0
4.89 4.87 4.87 4.87 4.88 4.89 4.89 4.89 4.88 4.87 4.87 4.87 4.88 4.88 4.88 4.87 4.88 4.88 4.87 4.86 4.86 4.87 4.87 4.87 4.88 1
4.87 4.85 4.84 4.84 4.83 4.83 4.85 4.85 4.86 4.86 4.87 4.87 4.87 4.87 4.87 4.87 4.88 4.89 4.9 4.91 4.92 4.92 4.91 4.89 4.89 1
4.85 4.83 4.83 4.83 4.83 4.83 4.84 4.85 4.85 4.85 4.86 4.86 4.86 4.86 4.87 4.87 4.87 4.87 4.86 4.87 4.87 4.85 4.84 4.84 4.83 0
4.76 4.75 4.74 4.74 4.75 4.77 4.78 4.79 4.79 4.79 4.79 4.79 4.8 4.79 4.79 4.79 4.8 4.81 4.81 4.81 4.82 4.82 4.83 4.83 4.84 0
4.76 4.75 4.74 4.74 4.74 4.74 4.74 4.76 4.76 4.75 4.74 4.74 4.75 4.77 4.78 4.79 4.79 4.79 4.79 4.79 4.8 4.79 4.79 4.79 4.8 1
4.73 4.71 4.71 4.7 4.7 4.7 4.7 4.7 4.7 4.71 4.73 4.75 4.76 4.76 4.77 4.77 4.78 4.78 4.78 4.76 4.76 4.77 4.77 4.76 4.76 1
4.78 4.78 4.78 4.78 4.79 4.78 4.78 4.78 4.78 4.79 4.8 4.8 4.78 4.77 4.76 4.76 4.76 4.75 4.74 4.74 4.73 4.71 4.71 4.7 4.7 1
4.8 4.79 4.78 4.79 4.8 4.81 4.8 4.8 4.8 4.79 4.79 4.78 4.78 4.78 4.78 4.78 4.79 4.78 4.78 4.78 4.78 4.79 4.8 4.8 4.78 0
4.79 4.78 4.78 4.79 4.79 4.8 4.8 4.79 4.79 4.79 4.79 4.79 4.8 4.8 4.8 4.8 4.79 4.78 4.79 4.8 4.81 4.8 4.8 4.8 4.79 0
4.67 4.66 4.66 4.67 4.66 4.66 4.65 4.66 4.65 4.66 4.67 4.69 4.71 4.72 4.73 4.73 4.73 4.74 4.75 4.77 4.79 4.78 4.78 4.79 4.79 1
4.69 4.68 4.68 4.67 4.68 4.69 4.69 4.69 4.69 4.68 4.68 4.67 4.67 4.66 4.66 4.67 4.66 4.66 4.65 4.66 4.65 4.66 4.67 4.69 4.71 0
4.69 4.68 4.68 4.68 4.67 4.68 4.68 4.69 4.68 4.67 4.68 4.68 4.68 4.69 4.68 4.68 4.67 4.68 4.69 4.69 4.69 4.69 4.68 4.68 4.67 1
4.72 4.71 4.7 4.71 4.71 4.71 4.71 4.71 4.71 4.71 4.71 4.72 4.73 4.72 4.72 4.71 4.71 4.7 4.7 4.71 4.7 4.69 4.69 4.68 4.68 1
4.75 4.74 4.74 4.75 4.76 4.76 4.76 4.76 4.76 4.76 4.76 4.75 4.74 4.73 4.73 4.72 4.73 4.73 4.72 4.71 4.7 4.71 4.71 4.71 4.71 0
4.71 4.7 4.69 4.7 4.71 4.72 4.73 4.74 4.75 4.75 4.75 4.75 4.74 4.74 4.75 4.76 4.76 4.76 4.76 4.76 4.76 4.76 4.75 4.74 4.73 0
4.63 4.61 4.6 4.62 4.63 4.64 4.64 4.65 4.64 4.64 4.66 4.65 4.65 4.65 4.66 4.67 4.69 4.7 4.7 4.71 4.71 4.71 4.7 4.69 4.7 1
4.71 4.71 4.7 4.7 4.71 4.71 4.71 4.72 4.71 4.7 4.7 4.69 4.69 4.7 4.69 4.68 4.68 4.66 4.65 4.65 4.66 4.66 4.64 4.63 4.63 0
4.71 4.7 4.69 4.69 4.69 4.7 4.72 4.72 4.71 4.71 4.7 4.7 4.71 4.71 4.71 4.72 4.71 4.7 4.7 4.69 4.69 4.7 4.69 4.68 4.68 1
4.54 4.52 4.51 4.52 4.53 4.53 4.53 4.53 4.54 4.54 4.56 4.57 4.58 4.59 4.6 4.62 4.62 4.62 4.62 4.64 4.65 4.67 4.68 4.68 4.67 1
4.53 4.52 4.51 4.52 4.52 4.52 4.52 4.51 4.51 4.51 4.5 4.5 4.51 4.52 4.53 4.54 4.54 4.54 4.54 4.52 4.51 4.52 4.53 4.53 4.53 1
4.77 4.75 4.75 4.76 4.75 4.77 4.77 4.77 4.77 4.78 4.78 4.78 4.76 4.76 4.75 4.73 4.74 4.73 4.71 4.71 4.7 4.71 4.69 4.66 4.62 0
4.78 4.76 4.75 4.75 4.77 4.77 4.75 4.75 4.78 4.78 4.79 4.79 4.8 4.8 4.77 4.75 4.75 4.76 4.75 4.77 4.77 4.77 4.77 4.78 4.78 1
4.67 4.66 4.65 4.67 4.67 4.68 4.7 4.71 4.71 4.7 4.7 4.73 4.75 4.75 4.75 4.76 4.77 4.77 4.79 4.78 4.78 4.78 4.76 4.75 4.75 0
4.63 4.61 4.6 4.6 4.63 4.65 4.67 4.65 4.66 4.67 4.66 4.65 4.67 4.67 4.68 4.7 4.71 4.71 4.7 4.7 4.73 4.75 4.75 4.75 4.76 1
4.56 4.55 4.54 4.55 4.54 4.57 4.58 4.59 4.61 4.62 4.64 4.66 4.66 4.67 4.68 4.67 4.67 4.67 4.68 4.68 4.67 4.67 4.69 4.72 4.72 0
4.56 4.56 4.55 4.55 4.56 4.56 4.56 4.55 4.54 4.55 4.54 4.57 4.58 4.59 4.61 4.62 4.64 4.66 4.66 4.67 4.68 4.67 4.67 4.67 4.68 1
4.66 4.65 4.63 4.64 4.65 4.65 4.66 4.68 4.69 4.68 4.69 4.66 4.63 4.63 4.62 4.63 4.63 4.62 4.61 4.6 4.61 4.61 4.6 4.6 4.6 0
4.66 4.65 4.64 4.64 4.65 4.65 4.66 4.65 4.63 4.64 4.65 4.65 4.66 4.68 4.69 4.68 4.69 4.66 4.63 4.63 4.62 4.63 4.63 4.62 4.61 1
4.68 4.66 4.66 4.66 4.67 4.66 4.66 4.66 4.65 4.64 4.64 4.65 4.65 4.66 4.65 4.63 4.64 4.65 4.65 4.66 4.68 4.69 4.68 4.69 4.66 0
4.64 4.63 4.62 4.62 4.62 4.63 4.63 4.63 4.64 4.65 4.66 4.66 4.66 4.66 4.67 4.67 4.68 4.68 4.66 4.66 4.66 4.67 4.66 4.66 4.66 1
4.65 4.64 4.63 4.64 4.66 4.68 4.68 4.68 4.67 4.67 4.67 4.66 4.64 4.63 4.62 4.62 4.62 4.63 4.63 4.63 4.64 4.65 4.66 4.66 4.66 1
4.68 4.66 4.64 4.65 4.65 4.66 4.67 4.68 4.69 4.69 4.7 4.7 4.7 4.69 4.67 4.67 4.67 4.66 4.65 4.64 4.63 4.64 4.66 4.68 4.68 0
4.68 4.67 4.66 4.67 4.68 4.66 4.64 4.65 4.65 4.66 4.67 4.68 4.69 4.69 4.7 4.7 4.7 4.69 4.67 4.67 4.67 4.66 4.65 4.64 4.63 0
4.65 4.64 4.64 4.64 4.63 4.64 4.66 4.67 4.68 4.68 4.67 4.66 4.67 4.68 4.66 4.64 4.65 4.65 4.66 4.67 4.68 4.69 4.69 4.7 4.7 1
4.7 4.68 4.68 4.68 4.69 4.69 4.68 4.68 4.68 4.68 4.68 4.66 4.65 4.65 4.65 4.64 4.64 4.64 4.63 4.64 4.66 4.67 4.68 4.68 4.67 1
4.75 4.75 4.74 4.73 4.73 4.73 4.74 4.75 4.75 4.75 4.74 4.73 4.72 4.71 4.71 4.7 4.68 4.68 4.68 4.69 4.69 4.68 4.68 4.68 4.68 0
4.68 4.67 4.67 4.66 4.67 4.67 4.67 4.68 4.7 4.71 4.72 4.74 4.75 4.75 4.74 4.74 4.75 4.75 4.74 4.73 4.73 4.73 4.74 4.75 4.75 1
4.72 4.71 4.71 4.71 4.71 4.72 4.72 4.72 4.73 4.73 4.73 4.74 4.76 4.78 4.78 4.79 4.79 4.8 4.81 4.79 4.79 4.79 4.8 4.79 4.79 0
4.7 4.69 4.68 4.67 4.68 4.68 4.69 4.69 4.69 4.7 4.7 4.71 4.71 4.71 4.72 4.72 4.71 4.71 4.71 4.71 4.72 4.72 4.72 4.73 4.73 0
4.74 4.68 4.65 4.65 4.64 4.65 4.66 4.66 4.67 4.68 4.68 4.68 4.68 4.68 4.68 4.69 4.7 4.69 4.68 4.67 4.68 4.68 4.69 4.69 4.69 1
4.78 4.76 4.74 4.75 4.77 4.79 4.8 4.77 4.76 4.74 4.68 4.65 4.65 4.64 4.65 4.66 4.66 4.67 4.68 4.68 4.68 4.68 4.68 4.68 4.69 0
4.73 4.7 4.7 4.71 4.72 4.73 4.72 4.72 4.73 4.73 4.72 4.73 4.76 4.76 4.77 4.79 4.79 4.8 4.8 4.81 4.83 4.82 4.8 4.8 4.8 0
4.72 4.71 4.71 4.71 4.7 4.71 4.72 4.73 4.7 4.7 4.71 4.72 4.73 4.72 4.72 4.73 4.73 4.72 4.73 4.76 4.76 4.77 4.79 4.79 4.8 0
4.71 4.71 4.7 4.71 4.72 4.71 4.71 4.71 4.7 4.71 4.72 4.73 4.7 4.7 4.71 4.72 4.73 4.72 4.72 4.73 4.73 4.72 4.73 4.76 4.76 0
4.59 4.57 4.57 4.59 4.6 4.61 4.61 4.61 4.6 4.6 4.61 4.6 4.6 4.6 4.6 4.6 4.6 4.62 4.63 4.65 4.66 4.68 4.69 4.69 4.69 0
4.58 4.58 4.58 4.58 4.58 4.58 4.59 4.59 4.58 4.58 4.58 4.59 4.57 4.57 4.59 4.6 4.61 4.61 4.61 4.6 4.6 4.61 4.6 4.6 4.6 0
4.55 4.54 4.54 4.54 4.53 4.55 4.55 4.54 4.54 4.57 4.57 4.58 4.58 4.58 4.58 4.58 4.58 4.59 4.59 4.58 4.58 4.58 4.59 4.57 4.57 0
4.52 4.52 4.51 4.51 4.51 4.52 4.52 4.51 4.52 4.53 4.53 4.54 4.54 4.54 4.55 4.55 4.55 4.54 4.55 4.54 4.55 4.56 4.55 4.54 4.54 1
4.54 4.52 4.52 4.53 4.53 4.53 4.53 4.52 4.52 4.52 4.51 4.51 4.51 4.52 4.52 4.51 4.52 4.53 4.53 4.54 4.54 4.54 4.55 4.55 4.55 0
4.39 4.38 4.38 4.38 4.37 4.37 4.36 4.36 4.37 4.37 4.4 4.48 4.51 4.52 4.53 4.52 4.52 4.53 4.53 4.54 4.52 4.52 4.53 4.53 4.53 0
4.35 4.34 4.32 4.33 4.34 4.35 4.35 4.36 4.36 4.36 4.37 4.38 4.39 4.38 4.38 4.38 4.37 4.37 4.36 4.36 4.37 4.37 4.4 4.48 4.51 0
4.35 4.33 4.33 4.33 4.34 4.35 4.35 4.34 4.32 4.33 4.34 4.35 4.35 4.36 4.36 4.36 4.37 4.38 4.39 4.38 4.38 4.38 4.37 4.37 4.36 1
4.37 4.37 4.36 4.36 4.37 4.36 4.35 4.35 4.35 4.36 4.36 4.35 4.34 4.35 4.36 4.35 4.33 4.33 4.33 4.34 4.35 4.35 4.34 4.32 4.33 1
4.39 4.37 4.36 4.36 4.36 4.36 4.36 4.36 4.37 4.37 4.37 4.38 4.38 4.38 4.38 4.37 4.38 4.38 4.38 4.38 4.38 4.38 4.38 4.38 4.37 1
4.34 4.33 4.33 4.33 4.33 4.33 4.33 4.33 4.35 4.36 4.36 4.36 4.37 4.38 4.39 4.41 4.41 4.41 4.4 4.41 4.41 4.4 4.4 4.4 4.4 0
4.26 4.25 4.25 4.25 4.25 4.24 4.24 4.26 4.27 4.29 4.3 4.3 4.3 4.3 4.3 4.3 4.31 4.32 4.31 4.31 4.32 4.33 4.33 4.33 4.34 1
4.33 4.31 4.31 4.31 4.3 4.3 4.3 4.31 4.32 4.32 4.31 4.3 4.29 4.28 4.26 4.26 4.25 4.25 4.25 4.25 4.24 4.24 4.26 4.27 4.29 0
4.29 4.27 4.27 4.27 4.27 4.27 4.27 4.27 4.28 4.3 4.3 4.3 4.32 4.33 4.33 4.31 4.31 4.31 4.3 4.3 4.3 4.31 4.32 4.32 4.31 0
4.26 4.24 4.23 4.23 4.26 4.27 4.28 4.28 4.28 4.28 4.29 4.29 4.29 4.27 4.27 4.27 4.27 4.27 4.27 4.27 4.28 4.3 4.3 4.3 4.32 1
4.35 4.34 4.33 4.34 4.34 4.35 4.35 4.34 4.31 4.29 4.27 4.26 4.24 4.23 4.23 4.26 4.27 4.28 4.28 4.28 4.28 4.29 4.29 4.29 4.27 0
4.32 4.31 4.31 4.3 4.31 4.32 4.32 4.33 4.34 4.35 4.34 4.33 4.34 4.34 4.35 4.35 4.34 4.31 4.29 4.27 4.26 4.24 4.23 4.23 4.26 1
4.35 4.33 4.33 4.33 4.33 4.34 4.36 4.36 4.34 4.34 4.32 4.32 4.32 4.32 4.31 4.31 4.3 4.31 4.32 4.32 4.33 4.34 4.35 4.34 4.33 0
4.29 4.27 4.26 4.25 4.27 4.27 4.27 4.29 4.31 4.31 4.31 4.32 4.33 4.32 4.33 4.34 4.33 4.33 4.33 4.34 4.33 4.33 4.34 4.34 4.34 0
4.29 4.26 4.26 4.27 4.28 4.29 4.29 4.29 4.3 4.29 4.3 4.3 4.3 4.29 4.27 4.26 4.25 4.27 4.27 4.27 4.29 4.31 4.31 4.31 4.32 1
4.43 4.42 4.42 4.42 4.44 4.43 4.41 4.41 4.4 4.39 4.36 4.35 4.33 4.33 4.3 4.3 4.3 4.29 4.26 4.26 4.27 4.28 4.29 4.29 4.29 1
4.49 4.46 4.45 4.45 4.46 4.49 4.48 4.45 4.44 4.43 4.42 4.42 4.42 4.44 4.43 4.41 4.41 4.4 4.39 4.36 4.35 4.33 4.33 4.3 4.3 1