64.5 59.4 58.4 59.8 58 58 58.3 64.9 61.9 55.3 57.8 59.8 60.3 64.6 67.9 65.2 62.5 60.8 60.6 60.9 60.4 57.6 51.1 44.5 47.9 0
62.6 59 57.7 58.4 62.1 68.1 74.6 81.3 80.2 77.4 76.5 75.3 74.8 73.8 69.8 64.3 61.6 63.9 64.5 59.4 58.4 59.8 58 58 58.3 1
67.7 65.9 57.2 55.1 63.8 64 62.9 63.4 62.6 59 57.7 58.4 62.1 68.1 74.6 81.3 80.2 77.4 76.5 75.3 74.8 73.8 69.8 64.3 61.6 0
41.6 39.4 36.1 37 39.7 46 51.1 59.8 64.1 61.4 63.9 65.9 64.9 67.7 65.9 57.2 55.1 63.8 64 62.9 63.4 62.6 59 57.7 58.4 1
77.3 74.9 73.7 83.5 91.4 91.3 90.3 89.7 88.7 86.9 85.3 83.7 81.9 79.8 76.9 72 67.1 55.4 51.1 50.1 45.4 43 44.2 46.5 41.6 0
57.9 54.8 52.6 50.2 51.4 54.2 59.7 64.2 73 77.9 77.3 74.9 73.7 83.5 91.4 91.3 90.3 89.7 88.7 86.9 85.3 83.7 81.9 79.8 76.9 0
56.3 54.2 51.5 54.5 56.9 57.9 54.8 52.6 50.2 51.4 54.2 59.7 64.2 73 77.9 77.3 74.9 73.7 83.5 91.4 91.3 90.3 89.7 88.7 86.9 0
50.3 41.3 39.1 47 52.8 56.3 54.2 51.5 54.5 56.9 57.9 54.8 52.6 50.2 51.4 54.2 59.7 64.2 73 77.9 77.3 74.9 73.7 83.5 91.4 0
49.5 42.1 39.6 45.7 51.4 54.1 58.5 57.2 57.2 54.8 54.9 53.3 52.1 55.2 53 50.3 41.3 39.1 47 52.8 56.3 54.2 51.5 54.5 56.9 1
55.4 48.9 43.9 51.8 55.6 50.9 49.5 47.7 46 49.3 49.5 42.1 39.6 45.7 51.4 54.1 58.5 57.2 57.2 54.8 54.9 53.3 52.1 55.2 53 0
46.4 41.6 35.9 37.4 39.4 40.4 47.2 53.9 56.3 56.4 55.4 48.9 43.9 51.8 55.6 50.9 49.5 47.7 46 49.3 49.5 42.1 39.6 45.7 51.4 0
36.2 19.8 19.1 28.4 39.4 44.5 48 49.6 46.4 41.6 35.9 37.4 39.4 40.4 47.2 53.9 56.3 56.4 55.4 48.9 43.9 51.8 55.6 50.9 49.5 1
44.9 38.2 35.6 38.4 39.1 40.3 45.5 48 49.7 50.4 48.5 49.4 44 43.3 42 42.7 42.7 36.2 19.8 19.1 28.4 39.4 44.5 48 49.6 0
43 39.2 36.2 31.3 32.9 35.7 39.7 46 44.9 38.2 35.6 38.4 39.1 40.3 45.5 48 49.7 50.4 48.5 49.4 44 43.3 42 42.7 42.7 1
63.8 59.3 60.2 59.2 53.6 52.7 53.2 53.3 51.2 48.9 51.2 52.6 51.8 50.7 52.7 54 50.5 48 41.7 42.8 45.2 38.5 38.7 41.1 42.5 0
61.1 56.6 51.4 55.6 60.1 61.6 62.1 63.8 59.3 60.2 59.2 53.6 52.7 53.2 53.3 51.2 48.9 51.2 52.6 51.8 50.7 52.7 54 50.5 48 0
57.3 54.6 48.2 54.7 57.1 60.1 61.1 56.6 51.4 55.6 60.1 61.6 62.1 63.8 59.3 60.2 59.2 53.6 52.7 53.2 53.3 51.2 48.9 51.2 52.6 0
50.6 42.4 38.7 45.6 49.1 51 57.3 54.6 48.2 54.7 57.1 60.1 61.1 56.6 51.4 55.6 60.1 61.6 62.1 63.8 59.3 60.2 59.2 53.6 52.7 0
45.6 36.2 36 40.4 42.6 44.8 49 55 53.7 50.6 42.4 38.7 45.6 49.1 51 57.3 54.6 48.2 54.7 57.1 60.1 61.1 56.6 51.4 55.6 1
43.6 39 30.2 32.5 36.6 41.5 45.1 48.5 48.2 54.3 52.7 52.5 53.9 58.3 63.2 65.1 72.6 75.8 71.6 66 65.6 66.1 65.3 65.8 65 1
48 43.2 39.4 39.7 47.3 53.6 57.8 74.3 72.8 60.8 48.2 47.8 44.7 47.1 43.6 39 30.2 32.5 36.6 41.5 45.1 48.5 48.2 54.3 52.7 1
58 55.4 51.9 52.2 53.5 54.4 59.4 67.7 69.5 70 69.2 67.3 64.7 63.5 64.3 60.6 57.6 57.8 54.1 49.8 44.6 45.2 48.5 48 43.2 1
63.7 61.1 58.4 60.5 67.7 73.2 73.5 71 69.9 71.4 68.3 65.3 62.3 65.4 63.2 58 55.4 51.9 52.2 53.5 54.4 59.4 67.7 69.5 70 1
48.5 35 30 31.9 32 31.4 33.2 37.2 40.3 45.1 43 40.9 44.6 51.7 57 62 63.6 62.7 63.9 65.5 71.5 72.5 73 70.9 69 1
42.3 32.5 28.9 35 38.2 40.4 42.3 39.7 38.4 41.3 40.1 31 31.2 34.2 39.3 41.2 37.5 39.2 41.2 42.4 41.1 41.8 42.6 44.3 48.6 1
46.5 32.6 33.3 33.9 31.1 37.5 43.4 44.4 41.8 47.8 48.1 48.1 51.4 54.3 51.7 52.5 50.7 42.3 32.5 28.9 35 38.2 40.4 42.3 39.7 0
41.7 34 33 32.1 31.2 31.5 33.3 39.3 43 51.5 46.5 32.6 33.3 33.9 31.1 37.5 43.4 44.4 41.8 47.8 48.1 48.1 51.4 54.3 51.7 0
68.9 59.5 38.5 41.9 38.3 29.3 29.9 33.5 41.7 34 33 32.1 31.2 31.5 33.3 39.3 43 51.5 46.5 32.6 33.3 33.9 31.1 37.5 43.4 0
38.5 35.3 32.1 32.5 34.9 35 29.7 30.9 34.6 36.7 42.1 49.9 50.7 52.5 52.5 56.9 68.9 59.5 38.5 41.9 38.3 29.3 29.9 33.5 41.7 1
59.7 54.7 49.4 50.6 52.4 52.7 59.1 64.1 67.5 64.7 61.4 58.5 57.4 55.1 50.2 44.5 38.8 38.5 35.3 32.1 32.5 34.9 35 29.7 30.9 0
41.9 39.3 36.1 38.4 42.7 45.1 44.7 43 45.5 49 54.2 59.7 54.7 49.4 50.6 52.4 52.7 59.1 64.1 67.5 64.7 61.4 58.5 57.4 55.1 1
53.1 47.9 46.4 51.3 53.3 53.7 61.4 63.3 59.6 54.7 54.7 58.6 55.8 49 42.8 42.4 41.9 39.3 36.1 38.4 42.7 45.1 44.7 43 45.5 1
58.7 53.5 49.6 53.8 58 56.7 51.9 47.5 47.2 48.6 53 50.7 50.2 53.1 47.9 46.4 51.3 53.3 53.7 61.4 63.3 59.6 54.7 54.7 58.6 1
51.5 45.2 48.1 52.9 48.8 49.3 57.1 57.9 62.4 66.6 64.2 60 57.4 58.2 58.7 53.5 49.6 53.8 58 56.7 51.9 47.5 47.2 48.6 53 0
43.4 39.1 33.1 33.7 33.4 36.1 40.7 43.4 46.7 50.5 52.8 51.5 45.2 48.1 52.9 48.8 49.3 57.1 57.9 62.4 66.6 64.2 60 57.4 58.2 1
50.1 45.3 44.8 47.4 47.2 54.1 64.7 60.6 55.5 51.2 47.4 43.4 39.1 33.1 33.7 33.4 36.1 40.7 43.4 46.7 50.5 52.8 51.5 45.2 48.1 1
40.5 32 30.8 30.9 31.8 37 42.2 49.4 60.7 64.2 66.6 69.9 69 66.6 58.9 54.1 50.1 45.3 44.8 47.4 47.2 54.1 64.7 60.6 55.5 0
38.5 29.8 27 31.7 37.8 41.1 40.5 32 30.8 30.9 31.8 37 42.2 49.4 60.7 64.2 66.6 69.9 69 66.6 58.9 54.1 50.1 45.3 44.8 1
49.2 41.8 39.4 40.6 43.1 49.5 51.8 47.5 46.6 47.9 51 58 55.4 46.5 44.8 41.4 38.5 29.8 27 31.7 37.8 41.1 40.5 32 30.8 1
57.9 53.1 52.6 53.4 51.4 55.1 62 71.2 70.3 69.7 74.9 81.1 84.2 82.8 81.7 80.7 85 84 84 82.6 78.5 81.1 85.7 82.2 74.8 1
48.9 45.3 42.9 46.1 48.5 51.2 50.4 55.8 59 60.1 61.6 67.2 71.8 74.1 70.5 67.9 65.1 61.7 56.1 58.5 57 53.3 56.6 57.9 53.1 0
38.3 30.1 28.5 33.8 38 44.3 48.9 45.3 42.9 46.1 48.5 51.2 50.4 55.8 59 60.1 61.6 67.2 71.8 74.1 70.5 67.9 65.1 61.7 56.1 0
44.3 33.6 33.6 33.6 35 39.5 42.4 44.5 42.7 41.2 41.7 41 38.4 39.8 42.1 41.4 38.3 30.1 28.5 33.8 38 44.3 48.9 45.3 42.9 1
62.7 58.3 57.1 53.5 57.1 66.2 67.2 59.4 51.5 44.3 33.6 33.6 33.6 35 39.5 42.4 44.5 42.7 41.2 41.7 41 38.4 39.8 42.1 41.4 1
53.4 45 38.2 31.6 29.8 26.5 31.1 37.1 38.7 45.1 46.3 43.8 46.2 56.1 62.8 69.9 74.5 72.8 71 68.6 71.3 70.9 75.3 74.8 72.2 0
53.4 46.8 36.3 33.5 37.1 37.1 39.3 42.2 42.9 47.5 55 55.4 51.2 53.4 45 38.2 31.6 29.8 26.5 31.1 37.1 38.7 45.1 46.3 43.8 0
45.8 34.1 30.6 34.9 37.8 38.3 40.6 43.3 43.3 47.3 48.6 45.8 40.8 43.6 53.4 46.8 36.3 33.5 37.1 37.1 39.3 42.2 42.9 47.5 55 1
41.8 41.1 36.9 35.4 37.4 41.2 42.2 42.2 44.2 45.5 43.9 50.8 57.6 60.8 60.8 62.9 67.1 70.3 65.6 60.9 55.8 56.9 61.7 63.1 61.1 1
45.9 40.6 39 39.8 39.2 42.3 48.9 51.3 45.1 45.7 48.3 50.8 51.3 44.6 41.8 41.1 36.9 35.4 37.4 41.2 42.2 42.2 44.2 45.5 43.9 1
46.7 43.3 34.8 32.2 39.5 47.1 53.1 49.6 47.4 54.9 54 57.5 58.2 59.6 59.1 53 53.8 56.7 49.7 45.9 48.3 50.6 51.7 45.9 40.6 0
50.4 41.1 41.4 42.2 41.5 42.6 40.2 41.6 43.5 40.8 33.7 38.7 43.2 46.8 49.5 48.5 46.7 43.3 34.8 32.2 39.5 47.1 53.1 49.6 47.4 0
59 52.2 43.5 48.3 50.4 41.1 41.4 42.2 41.5 42.6 40.2 41.6 43.5 40.8 33.7 38.7 43.2 46.8 49.5 48.5 46.7 43.3 34.8 32.2 39.5 1
47 38.9 36.3 38.4 40.4 45 42.1 38.8 45.5 47.2 53 62 63.6 69.8 68.7 62.2 57.8 59.8 59 57.2 54.1 54.5 61 61.3 58.1 1
65.7 52 40.8 44.8 43.9 47.2 53.2 53 56.5 57.9 47 38.9 36.3 38.4 40.4 45 42.1 38.8 45.5 47.2 53 62 63.6 69.8 68.7 1
32.2 26.4 25.2 22.2 21 21.7 22.7 18.3 22.9 31.4 36.4 44.9 45.3 44.3 43.4 46.2 47.3 52.7 53.1 52 55 63.4 63.6 74.4 74 1
54.3 49.8 42.3 42.1 45.8 53.5 57.3 53.6 52 43.5 41.2 40.3 41.8 43.2 43.5 37.6 37.6 39 39.4 37 29.7 30.2 32.2 26.4 25.2 1
60.5 52.6 51.5 48.6 47.5 50.1 51.6 52.6 60.9 60.9 59.8 57.3 54.3 49.8 42.3 42.1 45.8 53.5 57.3 53.6 52 43.5 41.2 40.3 41.8 1
62.4 57.7 50.8 54.7 56.2 58.9 64.1 60.5 52.6 51.5 48.6 47.5 50.1 51.6 52.6 60.9 60.9 59.8 57.3 54.3 49.8 42.3 42.1 45.8 53.5 1
66 62.9 60.9 60.9 59.7 55.9 56.3 55.3 56.8 58.2 61.6 65.5 67.3 74.3 81.4 80.4 76.6 74.3 70.7 70.2 72.4 70.4 69.9 65.9 62.4 1
60.8 59 56.7 55.4 58.1 68.4 81.6 81.2 75.2 71.6 71.6 67.5 59.8 64.2 69.4 66 62.9 60.9 60.9 59.7 55.9 56.3 55.3 56.8 58.2 1
78.1 72.7 64.4 65.5 69.4 72 71.6 69.5 68.6 65.1 63.2 65.2 64.6 60.8 59 56.7 55.4 58.1 68.4 81.6 81.2 75.2 71.6 71.6 67.5 1
60.6 59.2 58.5 57.5 52.5 58.9 65.6 62.1 70.3 76.1 75.1 84.1 80.3 69.9 63.2 63.1 71 66.8 66.5 78.3 80.9 79.7 78.1 72.7 64.4 0
56.7 51.6 51.3 51.3 52.1 58.5 60.6 59.2 58.5 57.5 52.5 58.9 65.6 62.1 70.3 76.1 75.1 84.1 80.3 69.9 63.2 63.1 71 66.8 66.5 0
44.7 41.8 41.1 41.6 39.4 40.4 40.7 38.3 40.4 40.7 38.6 32.6 31 38 49.8 58.3 56.7 51.6 51.3 51.3 52.1 58.5 60.6 59.2 58.5 0
32.4 19.9 17.5 19.4 22.2 26.2 30.7 32.7 34.5 40.3 44.7 41.8 41.1 41.6 39.4 40.4 40.7 38.3 40.4 40.7 38.6 32.6 31 38 49.8 1
49.9 41.9 40.3 42 42.1 43.5 45.2 48.6 48.8 50 51.3 50.7 47.2 43.4 40.5 40.2 41.1 36.1 36.1 38.1 39.1 40.4 38.3 35.5 34.6 0
30 23.9 17.4 13.1 13.2 15.8 19.1 19.2 23.4 27.1 28.3 29.3 28.4 22.7 24.2 28.8 32.1 34.3 37.8 41.8 44.5 42.5 46 52.5 50.5 0
23.4 23 21.1 18.6 20.5 22.5 25.3 27.4 28.3 28.9 30.2 30 32.1 30 23.9 17.4 13.1 13.2 15.8 19.1 19.2 23.4 27.1 28.3 29.3 0
44.5 37.9 24.5 22.6 27.8 29.2 30.5 31.2 24.3 24.8 23.4 23 21.1 18.6 20.5 22.5 25.3 27.4 28.3 28.9 30.2 30 32.1 30 23.9 0
43.2 36.9 36.3 31.8 31.8 33 26 29.1 34.7 35.5 36.2 34.2 30.7 34.7 43.2 44.5 44.5 37.9 24.5 22.6 27.8 29.2 30.5 31.2 24.3 1
39.2 28.3 20.2 20.6 25.1 36.2 42.7 41.4 45.3 57 62.4 62.1 58.6 55.9 50.1 41.1 36.3 36.3 39.3 38.6 41.6 43.2 36.9 36.3 31.8 1
46 41 38 32.2 36 43.3 45.6 42.7 44.9 50.6 50.2 50.8 49.9 49.3 54.3 56 54.8 51.3 52.4 56.4 64.9 73.2 74.7 73.2 72.2 1
56.2 49.1 48.3 48.3 54 55.4 57.9 56.7 51 47.1 43.9 42.1 44.2 46.2 46.4 46 41 38 32.2 36 43.3 45.6 42.7 44.9 50.6 1
41.8 35 30.2 32.4 33.4 38.2 43.7 50 59.4 63.5 65.3 63 63 63.9 71.6 76.2 73.2 71.2 71.2 66.7 60.2 58.9 61.1 56.2 49.1 1
45.5 39.9 39.3 38.7 42.3 48.1 49.7 47.8 42.8 41.8 35 30.2 32.4 33.4 38.2 43.7 50 59.4 63.5 65.3 63 63 63.9 71.6 76.2 1
43.7 39.1 32 33.2 29.5 20.2 22 22.7 26.5 28.1 20.4 23.4 32.5 36.7 37.8 42.2 43.5 44.3 45.7 51 56.5 57.1 54.7 51.8 48.7 0
54.5 47.7 45.8 48.5 44.9 43 46.1 46.9 42.9 41.8 39.8 40.5 43.9 45.6 42.8 43.7 39.1 32 33.2 29.5 20.2 22 22.7 26.5 28.1 1
64.3 58.7 55.9 58.9 64.5 75 70.5 65.5 63.1 58.8 54.5 47.7 45.8 48.5 44.9 43 46.1 46.9 42.9 41.8 39.8 40.5 43.9 45.6 42.8 1
68.4 67.9 67.7 62.9 63.2 71.3 71.8 71.8 76.3 74.4 73.6 77.9 77.1 76.7 82.5 80.4 76.8 71.4 71.3 75.4 73.8 72.8 81.4 79 71.5 0
72.9 69.9 61.2 66.5 68.4 67.9 67.7 62.9 63.2 71.3 71.8 71.8 76.3 74.4 73.6 77.9 77.1 76.7 82.5 80.4 76.8 71.4 71.3 75.4 73.8 0
59.8 55.9 54.5 60.7 72.9 69.9 61.2 66.5 68.4 67.9 67.7 62.9 63.2 71.3 71.8 71.8 76.3 74.4 73.6 77.9 77.1 76.7 82.5 80.4 76.8 0
58.5 53.6 51.1 55.8 60 61.9 59.8 55.9 54.5 60.7 72.9 69.9 61.2 66.5 68.4 67.9 67.7 62.9 63.2 71.3 71.8 71.8 76.3 74.4 73.6 1
57.5 52 52.2 56.8 65.4 64.5 62.1 58.5 53.6 51.1 55.8 60 61.9 59.8 55.9 54.5 60.7 72.9 69.9 61.2 66.5 68.4 67.9 67.7 62.9 1
59.7 54.6 53.4 54.5 58.8 60.9 59.1 58.6 64 64.6 67.2 65.4 62.3 58.4 55 58.3 57.5 52 52.2 56.8 65.4 64.5 62.1 58.5 53.6 1
66.2 57 53.8 60.9 59.7 54.6 53.4 54.5 58.8 60.9 59.1 58.6 64 64.6 67.2 65.4 62.3 58.4 55 58.3 57.5 52 52.2 56.8 65.4 0
33.9 29.4 19.1 20.6 27.4 32.5 31.3 27.5 30.5 32.9 35.2 34.9 34.4 38.3 43.2 43 47.1 51.2 56.8 62.3 63.1 69 68.7 67.8 66.2 1
52.7 49.3 48.7 49.6 51.2 55.7 57.2 53.5 47.3 46.1 45.9 44.1 39.1 33.9 29.4 19.1 20.6 27.4 32.5 31.3 27.5 30.5 32.9 35.2 34.9 1
62.2 59.3 57.6 61.2 63.1 67.8 67.2 60 56.2 53.7 51.2 52.8 53.8 52.7 49.3 48.7 49.6 51.2 55.7 57.2 53.5 47.3 46.1 45.9 44.1 0
58.7 54.2 53.7 57.5 63.9 65.4 63.8 62.2 59.3 57.6 61.2 63.1 67.8 67.2 60 56.2 53.7 51.2 52.8 53.8 52.7 49.3 48.7 49.6 51.2 0
55.4 53.3 51.1 50.5 55.6 58.7 54.2 53.7 57.5 63.9 65.4 63.8 62.2 59.3 57.6 61.2 63.1 67.8 67.2 60 56.2 53.7 51.2 52.8 53.8 0
48.8 45 39.5 44.9 54.5 60 64.2 59.7 58 61.2 58.8 55.4 53.3 51.1 50.5 55.6 58.7 54.2 53.7 57.5 63.9 65.4 63.8 62.2 59.3 0
54.7 45.3 43.4 47.5 49.7 48.8 48.8 45 39.5 44.9 54.5 60 64.2 59.7 58 61.2 58.8 55.4 53.3 51.1 50.5 55.6 58.7 54.2 53.7 1
51.1 48.1 43.1 45.1 51.5 54.8 52.6 55.4 58.7 55.7 57.4 58.5 64.4 63.6 57.5 54.7 45.3 43.4 47.5 49.7 48.8 48.8 45 39.5 44.9 1
66.9 61.6 57.9 59.1 61.5 61.5 62.2 67.9 72.3 73.9 71.2 70.1 66.2 59.6 52.7 49.1 51.1 48.1 43.1 45.1 51.5 54.8 52.6 55.4 58.7 0
58.7 48 43.1 42.6 38.9 41.4 46.8 46.8 43 47 53.8 52.8 52.1 50.9 57 64.7 66.9 61.6 57.9 59.1 61.5 61.5 62.2 67.9 72.3 1
64.1 60.7 56.2 59.4 56.1 48.4 50.5 57.2 57.2 57.2 57.2 64 71.4 72.9 71.4 67.2 65.5 65.3 69.8 73.1 67.1 64.1 69.6 67.5 68.9 0
54.9 53.4 54.6 52.2 48.4 49.5 54.4 60.4 64.1 60.7 56.2 59.4 56.1 48.4 50.5 57.2 57.2 57.2 57.2 64 71.4 72.9 71.4 67.2 65.5 0
54.4 43 40.6 34.6 28.3 31.6 37.2 41.4 43 44.2 50.9 56.6 56.6 57.1 54.9 53.4 54.6 52.2 48.4 49.5 54.4 60.4 64.1 60.7 56.2 1
50.5 46.1 42.9 47.8 52.7 59.8 70.7 73.8 76.1 80.9 80.2 80 75.5 67.1 66.2 69.5 71.2 70.3 61.5 54.4 43 40.6 34.6 28.3 31.6 0
48.8 46.1 41.4 40.8 43.7 45.4 48.7 50.5 46.1 42.9 47.8 52.7 59.8 70.7 73.8 76.1 80.9 80.2 80 75.5 67.1 66.2 69.5 71.2 70.3 1
38.6 30.4 28.8 29.3 32.1 27.9 24.3 27.1 35.4 43.5 44.2 40.9 38.8 42.7 52.7 53.1 51.3 52.4 52.1 57.1 65.7 75.3 73.4 72 74.1 1
51.5 46.5 43 44.5 43.4 47.5 48.1 43.1 42 38.6 30.4 28.8 29.3 32.1 27.9 24.3 27.1 35.4 43.5 44.2 40.9 38.8 42.7 52.7 53.1 1
43.6 34.5 35 38.1 36.4 38.8 40.9 41.2 41.4 47.7 47.7 47.9 44.6 47.2 57.6 70.5 68.3 60.6 53.9 53.5 59.7 59.7 59.7 62.6 57.7 1
49.6 43.7 41.2 41.5 44.1 43.3 40.4 41.7 44.5 54.7 62 57.3 49.4 46.9 44.8 45.1 43.6 34.5 35 38.1 36.4 38.8 40.9 41.2 41.4 1
55.2 46.8 47.6 53.5 59.3 59.8 63.4 63.9 72.3 75.8 72.5 69.3 64.8 62.5 58.2 55.4 55.9 57.3 57.8 54.1 50.4 49.6 43.7 41.2 41.5 0
52.1 45.8 41.2 45.1 50.7 52.4 52 58 55.2 46.8 47.6 53.5 59.3 59.8 63.4 63.9 72.3 75.8 72.5 69.3 64.8 62.5 58.2 55.4 55.9 1
64 50.9 30 25.7 19.5 24.9 38.4 44.6 45.9 52.1 51.2 47.2 48.4 50 55.2 57 55.6 52.1 45.8 41.2 45.1 50.7 52.4 52 58 1
59.1 53.8 51.5 52 55.6 58.3 57.3 60 67.9 78.4 79.2 76.8 74.6 74.8 73.8 69.8 64 50.9 30 25.7 19.5 24.9 38.4 44.6 45.9 1
63.7 59.3 54.5 60.7 65.1 65 62.6 59.1 53.8 51.5 52 55.6 58.3 57.3 60 67.9 78.4 79.2 76.8 74.6 74.8 73.8 69.8 64 50.9 1
64.6 62.5 60.7 58.3 58.8 62.8 72.6 74.4 71.4 70.9 67.9 63.7 59.3 54.5 60.7 65.1 65 62.6 59.1 53.8 51.5 52 55.6 58.3 57.3 0
39.9 35.5 32.2 31.5 32 33.8 34.8 37 41.3 46.4 50.5 53.8 62.1 69 67.5 67.9 67.6 64.6 62.5 60.7 58.3 58.8 62.8 72.6 74.4 1
48.9 44.8 42.4 42.8 41.5 44.2 45.4 44.6 46.6 49.5 45.6 39.9 35.5 32.2 31.5 32 33.8 34.8 37 41.3 46.4 50.5 53.8 62.1 69 1
67.1 63.8 64 64.6 62 63.8 73.4 76.3 69.5 62.1 57.1 50.9 48.9 44.8 42.4 42.8 41.5 44.2 45.4 44.6 46.6 49.5 45.6 39.9 35.5 1
61.9 56.5 54.2 64 75 70.9 67.1 63.8 64 64.6 62 63.8 73.4 76.3 69.5 62.1 57.1 50.9 48.9 44.8 42.4 42.8 41.5 44.2 45.4 1
61.3 57.7 59.4 64.1 64.5 61.9 56.5 54.2 64 75 70.9 67.1 63.8 64 64.6 62 63.8 73.4 76.3 69.5 62.1 57.1 50.9 48.9 44.8 0
61.5 57.5 52.7 53.1 54.7 57.9 62.8 63.4 61.3 57.7 59.4 64.1 64.5 61.9 56.5 54.2 64 75 70.9 67.1 63.8 64 64.6 62 63.8 0
53.9 47.1 44.7 46 47 48.3 49.8 53.4 55.7 59.4 61.5 57.5 52.7 53.1 54.7 57.9 62.8 63.4 61.3 57.7 59.4 64.1 64.5 61.9 56.5 1
72.5 67.1 63.6 66.3 64.2 70.8 69.9 68.2 71.9 70.4 68 65.1 72 71.5 66.4 61.9 59.6 64.8 61.5 60 59 52.3 51.1 48.9 50 0
20.8 12.7 9.2 9.6 10.4 11.4 12.3 14.8 19.8 25 25.7 23.2 25 25.6 25.6 30 29.5 26.8 29.1 29.5 29 30.5 32.1 35.6 36 0
35.8 22 14.9 16 17.8 18 19.2 20.8 12.7 9.2 9.6 10.4 11.4 12.3 14.8 19.8 25 25.7 23.2 25 25.6 25.6 30 29.5 26.8 0
36.3 30 26.2 27.8 33.7 35.8 22 14.9 16 17.8 18 19.2 20.8 12.7 9.2 9.6 10.4 11.4 12.3 14.8 19.8 25 25.7 23.2 25 0
49.1 36.5 34.8 39.1 30.9 28.6 29.5 30.9 35.8 33.7 36 38.9 38.9 36.3 30 26.2 27.8 33.7 35.8 22 14.9 16 17.8 18 19.2 1
49.6 46 40 43.1 50.5 49.7 57.1 59.9 50.3 49.1 36.5 34.8 39.1 30.9 28.6 29.5 30.9 35.8 33.7 36 38.9 38.9 36.3 30 26.2 1
59.3 53.8 48.7 51.9 56.1 61.2 60.2 55.2 55.2 56.6 51 47.6 47.2 49.6 46 40 43.1 50.5 49.7 57.1 59.9 50.3 49.1 36.5 34.8 1
60.2 57 53.4 50.4 53.9 61.9 70.4 69.3 66.2 62.5 60.3 59.3 53.8 48.7 51.9 56.1 61.2 60.2 55.2 55.2 56.6 51 47.6 47.2 49.6 0
58.6 55.1 53.3 50.4 50.4 50.1 55.7 60.9 56.8 56.8 56 55.2 57.5 60.2 57 53.4 50.4 53.9 61.9 70.4 69.3 66.2 62.5 60.3 59.3 1
55.6 48.4 50.3 55.1 52.7 51.2 50.2 52.3 54 59 64.7 62.5 59.8 59.5 58.6 55.1 53.3 50.4 50.4 50.1 55.7 60.9 56.8 56.8 56 1
64.8 60 58.8 65.6 69.3 67.9 66.9 72.2 78.2 86.8 89.3 87.9 86 83.9 82.8 85.9 87.5 87.3 83 75.2 73.2 68.6 63.3 69.4 76.7 1
51.8 46.6 44.1 49.6 50.5 50.5 58.8 63.1 65.9 70.8 73.2 73.8 73.1 69.7 66.5 64.8 63.9 66 64.8 60 58.8 65.6 69.3 67.9 66.9 1
65.8 62.4 61.7 61.7 66.7 78.2 81.1 79.4 76.4 75.4 74 73.9 73.4 68.3 62.5 65.5 68.1 60.5 51.8 46.6 44.1 49.6 50.5 50.5 58.8 1
70.5 66.2 63 73.3 77.4 75.7 77.7 80 78.9 78.2 76 74.4 76.9 74 75.7 82.2 80.6 83.2 82.8 82.2 82.1 83.6 81.8 76.8 69.2 0
43.8 33.9 24.9 26.3 28.2 32.2 35.5 35.8 38 39.2 36.4 37.5 40.2 41.2 40.4 39.2 45.9 52.8 62.8 63.3 62.4 66.4 70.9 70.5 66.2 1
67.9 57.7 54.1 51.5 57.1 57.4 55.1 49.2 51.1 57.2 57 55.3 53.3 51.4 47.6 50.1 50.8 43.8 33.9 24.9 26.3 28.2 32.2 35.5 35.8 1
66.3 64.3 62.5 61.8 60.7 59.8 58.6 64.7 71.4 67.9 57.7 54.1 51.5 57.1 57.4 55.1 49.2 51.1 57.2 57 55.3 53.3 51.4 47.6 50.1 0
37 31.6 26.1 27.6 33 38.4 44.7 62.5 70.4 65.6 63.3 66.3 64.3 62.5 61.8 60.7 59.8 58.6 64.7 71.4 67.9 57.7 54.1 51.5 57.1 1
45.5 42.1 39.2 37.6 36.2 39.3 41.8 42.2 39.9 40.6 40.6 36.3 36.7 37 31.6 26.1 27.6 33 38.4 44.7 62.5 70.4 65.6 63.3 66.3 0
37.2 32.1 28.8 29.8 25.7 24.6 26.4 28.9 25.3 25.8 30.1 37.9 42.9 42.1 44.8 45.5 42.1 39.2 37.6 36.2 39.3 41.8 42.2 39.9 40.6 1
51.3 43.7 40.9 45.2 48.2 39.9 39.9 41.8 39.1 37.2 32.1 28.8 29.8 25.7 24.6 26.4 28.9 25.3 25.8 30.1 37.9 42.9 42.1 44.8 45.5 1
48.8 40.5 40.5 43.5 47.3 50.3 50.5 52.4 50.9 51.8 51.7 44.6 49.3 66.4 73.1 70.1 61 59.1 56.4 51.7 51 51.7 56 60.4 57.1 1
59.9 58.2 55.6 51.2 50.7 52.4 63.8 70.5 63.2 60.3 58.8 54.8 54.3 48.8 40.5 40.5 43.5 47.3 50.3 50.5 52.4 50.9 51.8 51.7 44.6 0
63.3 56.7 55.5 52.6 51.6 51.6 55.6 59.9 58.2 55.6 51.2 50.7 52.4 63.8 70.5 63.2 60.3 58.8 54.8 54.3 48.8 40.5 40.5 43.5 47.3 1
66.3 60.7 57.3 74.2 79.2 77 77 76 78.1 77.4 72.5 66.7 63.3 56.7 55.5 52.6 51.6 51.6 55.6 59.9 58.2 55.6 51.2 50.7 52.4 1
63.5 59.7 60.5 71.1 73.7 68.6 66.5 64.8 66.6 67.7 68.8 66.3 60.7 57.3 74.2 79.2 77 77 76 78.1 77.4 72.5 66.7 63.3 56.7 1
70.1 68.2 64.8 70.2 69.4 62.9 63.3 75.6 79.7 80 75.9 78.7 80.2 74.5 77.2 74.5 73.2 75.3 74.8 74.2 76 72.9 73.2 72.3 69.1 1
66.2 62 57.9 57.9 61.8 70.2 70.9 72.5 73.6 72.8 70.1 68.2 64.8 70.2 69.4 62.9 63.3 75.6 79.7 80 75.9 78.7 80.2 74.5 77.2 0
61.4 52.9 51.7 58.2 57.8 57.4 56.7 57 57 55.6 60.2 66.2 62 57.9 57.9 61.8 70.2 70.9 72.5 73.6 72.8 70.1 68.2 64.8 70.2 1
70 66.1 64.9 69.1 76.1 83.5 81.6 78.6 75 71.3 73.7 73.5 71.4 61.4 52.9 51.7 58.2 57.8 57.4 56.7 57 57 55.6 60.2 66.2 1
58.6 53.8 45.6 49.5 53.1 52.5 56.1 75.2 80.7 77.8 75.9 75.5 73.8 73.7 73.3 69.8 69.8 73.9 71.8 70 66.1 64.9 69.1 76.1 83.5 0
58.6 50.9 45.8 50.1 55.1 56.2 58.6 53.8 45.6 49.5 53.1 52.5 56.1 75.2 80.7 77.8 75.9 75.5 73.8 73.7 73.3 69.8 69.8 73.9 71.8 1
58.1 57.3 53.6 57.4 61.1 58.6 50.9 45.8 50.1 55.1 56.2 58.6 53.8 45.6 49.5 53.1 52.5 56.1 75.2 80.7 77.8 75.9 75.5 73.8 73.7 0
59.6 53 50.4 52.1 50.5 48 55.8 60.4 61.3 62.5 59.8 57.1 58.1 57.3 53.6 57.4 61.1 58.6 50.9 45.8 50.1 55.1 56.2 58.6 53.8 0
45.4 43 42.1 40.6 40.1 42.2 44.4 44.5 55 59.6 53 50.4 52.1 50.5 48 55.8 60.4 61.3 62.5 59.8 57.1 58.1 57.3 53.6 57.4 0
49.1 41.5 37.9 42 45.4 43 42.1 40.6 40.1 42.2 44.4 44.5 55 59.6 53 50.4 52.1 50.5 48 55.8 60.4 61.3 62.5 59.8 57.1 1
37 31.8 22.9 23.5 25.6 15.6 18.1 21.7 18.3 24.1 31.7 33.4 34.7 35.5 34.2 34.8 37.1 37.1 35.8 32.7 34.1 36.3 43.3 53.3 51.4 0
34.6 25.2 19.5 23.9 30.1 34.2 39.8 41.3 41.6 39.4 35.2 35.2 37 31.8 22.9 23.5 25.6 15.6 18.1 21.7 18.3 24.1 31.7 33.4 34.7 0
33.9 27.8 20.7 23.5 28.3 35.7 41.5 42.4 38.8 31.9 32.4 32.4 32 34.7 33.1 32 32.3 35.5 38.1 34.6 25.2 19.5 23.9 30.1 34.2 1
53.2 49.2 46.5 49.3 51.3 49.3 46 45 42.1 41.6 38.9 37.3 33.9 27.8 20.7 23.5 28.3 35.7 41.5 42.4 38.8 31.9 32.4 32.4 32 0
55.7 52.2 49.8 49.8 50.4 53 53.2 49.2 46.5 49.3 51.3 49.3 46 45 42.1 41.6 38.9 37.3 33.9 27.8 20.7 23.5 28.3 35.7 41.5 1
61.8 56.1 52.4 58.9 62.4 60.7 58.5 54.4 54.3 58.2 65.1 64 66.7 71 68.1 61.8 55.6 56.2 56.4 55.7 52.2 49.8 49.8 50.4 53 0
67.2 59.1 54.8 53.4 56.7 61 60.9 60.6 61.8 56.1 52.4 58.9 62.4 60.7 58.5 54.4 54.3 58.2 65.1 64 66.7 71 68.1 61.8 55.6 0
44.7 40.1 37.9 44.6 48 44 41 47.2 63.3 64.5 66.1 68.9 67.2 59.1 54.8 53.4 56.7 61 60.9 60.6 61.8 56.1 52.4 58.9 62.4 0
47.2 37.3 35 37 43.8 51.3 51.2 55.5 52.4 48.7 44.7 40.1 37.9 44.6 48 44 41 47.2 63.3 64.5 66.1 68.9 67.2 59.1 54.8 1
56.1 47.7 43.7 47.9 48.3 45.5 45.6 45.9 47.2 37.3 35 37 43.8 51.3 51.2 55.5 52.4 48.7 44.7 40.1 37.9 44.6 48 44 41 1
59.9 53.8 56.1 55.1 53 56.8 57.2 60.1 64.2 78.2 86.2 84.2 82.9 81 80.6 79 78.7 76.3 77.5 76.8 74 69.3 63.3 56.1 47.7 1
66.6 62.9 60.5 64 68.8 70.6 68.8 62.9 62.1 63 61.6 59 58.7 59.4 64.3 62.5 59.9 53.8 56.1 55.1 53 56.8 57.2 60.1 64.2 0
56.7 52.1 47 53.1 61.9 66.6 64.4 67.5 70.8 66.9 66.6 62.9 60.5 64 68.8 70.6 68.8 62.9 62.1 63 61.6 59 58.7 59.4 64.3 0
56.3 50.8 46.5 47.5 53.2 58.2 56.7 52.1 47 53.1 61.9 66.6 64.4 67.5 70.8 66.9 66.6 62.9 60.5 64 68.8 70.6 68.8 62.9 62.1 0
50.8 48.6 43.2 40.9 48.8 55.1 56.3 50.8 46.5 47.5 53.2 58.2 56.7 52.1 47 53.1 61.9 66.6 64.4 67.5 70.8 66.9 66.6 62.9 60.5 0
40.3 32.9 30.3 36.3 36.9 38.3 41.9 44.3 45.8 44.6 45.2 47.8 47.3 47.9 49.1 50.9 50.8 48.6 43.2 40.9 48.8 55.1 56.3 50.8 46.5 0
33.6 28.2 22.8 23 20.4 21.1 24.6 26.1 20 22.7 28.6 32 35.3 37.5 38.1 41.1 44.6 41.9 40.3 32.9 30.3 36.3 36.9 38.3 41.9 0
42.7 29.7 30.1 32.4 33.6 28.2 22.8 23 20.4 21.1 24.6 26.1 20 22.7 28.6 32 35.3 37.5 38.1 41.1 44.6 41.9 40.3 32.9 30.3 1
65.4 61.5 61.1 68.3 68.7 72.3 71.1 66.5 64.5 66.6 64.3 61.9 57.7 60.6 54.6 49.6 50.8 42.7 29.7 30.1 32.4 33.6 28.2 22.8 23 1
66.2 62.3 59.5 62.6 75.6 76.5 72.6 71.8 73.3 81.6 81 77.7 72.7 68.7 67.2 72.7 76.7 72.7 65.4 61.5 61.1 68.3 68.7 72.3 71.1 1
46.6 43.8 43.1 45.3 44 41.9 49.1 54.9 53.2 58 66.9 69.3 66.5 68.3 66 61.5 64.9 68.3 66.2 62.3 59.5 62.6 75.6 76.5 72.6 1
62.7 57.5 58.3 56.4 60.2 62.1 60.6 59.4 66.8 65.4 63.4 63.1 63.8 70.5 68.3 61.5 58 60.8 52.8 52.1 58.1 52.2 50.8 55.7 56.4 0
56.7 53.9 53.1 50.7 48.9 58.4 62.7 57.5 58.3 56.4 60.2 62.1 60.6 59.4 66.8 65.4 63.4 63.1 63.8 70.5 68.3 61.5 58 60.8 52.8 1
52.5 42.9 34.3 38.9 53.3 66.4 65.9 60.9 62.3 68.8 77.8 76.6 75.1 72.2 67.5 68.5 67.2 62.4 61.2 69 66.1 62.3 63.1 56.7 53.9 1
63.5 61.4 62.4 60 55.5 62.4 67.6 67.7 70.7 70.8 67.9 67.7 68.1 63.6 61.4 67.5 65.7 62.5 60.9 54.7 51.4 53.2 54.4 50.7 48.6 0
36.7 28.7 24.6 27.4 33 33.6 32.3 37.5 40.9 43 46.2 50.7 58.7 63.5 61.4 62.4 60 55.5 62.4 67.6 67.7 70.7 70.8 67.9 67.7 1
49.7 46.4 43.6 45.1 45.6 44.1 37.7 38.8 40.1 40.1 36.7 28.7 24.6 27.4 33 33.6 32.3 37.5 40.9 43 46.2 50.7 58.7 63.5 61.4 0
56 48.8 42.5 43.5 44 43.5 49.7 46.4 43.6 45.1 45.6 44.1 37.7 38.8 40.1 40.1 36.7 28.7 24.6 27.4 33 33.6 32.3 37.5 40.9 0
56 44.4 38.6 42.9 49.8 55.2 56 48.8 42.5 43.5 44 43.5 49.7 46.4 43.6 45.1 45.6 44.1 37.7 38.8 40.1 40.1 36.7 28.7 24.6 1
57.6 52.7 50.5 53 52.9 50.5 52.7 64.7 67.5 65.1 56.1 56 56 44.4 38.6 42.9 49.8 55.2 56 48.8 42.5 43.5 44 43.5 49.7 0
49 43 43.6 46.1 52.4 59.5 57.1 57.6 52.7 50.5 53 52.9 50.5 52.7 64.7 67.5 65.1 56.1 56 56 44.4 38.6 42.9 49.8 55.2 0
36.1 27.2 22.3 19.4 20.8 22.6 26.6 28 26.9 30.8 34.6 31.9 32.1 33.5 39.5 51.5 55.9 51.8 52.8 53.4 51.9 49 43 43.6 46.1 0
42.5 37.3 32.1 33.1 40.2 43.3 36.1 27.2 22.3 19.4 20.8 22.6 26.6 28 26.9 30.8 34.6 31.9 32.1 33.5 39.5 51.5 55.9 51.8 52.8 1
69.8 64.5 60.3 63.3 64.9 67.8 66 63.9 65.9 65.8 65.6 64.8 60.2 58.6 56.2 52.8 48.7 45.9 47.8 45.9 45.7 47.7 45.7 43.9 42.5 1
68.5 65 61.4 60.3 65.4 75.5 76.5 80 85.1 83.1 80.3 80.1 77 69.8 64.5 60.3 63.3 64.9 67.8 66 63.9 65.9 65.8 65.6 64.8 0
55.2 49.7 45.6 46.8 49.4 52.2 50.4 54 65.2 69.3 69.8 66.8 65.8 68.5 65 61.4 60.3 65.4 75.5 76.5 80 85.1 83.1 80.3 80.1 1
39.4 37.9 32.4 27.6 29 31.7 37.3 40.1 41.2 41.1 38.9 39.4 35.9 36.2 42.8 48.5 47.6 50.4 49.9 51 60.8 66.9 61.9 55.2 59.1 1
62 61 59.5 60.8 63.2 67.8 70.9 71.8 69.3 68 72.3 73.9 77.3 73.8 70.3 69.6 69.2 65.4 58.3 49.9 43.3 39.4 37.9 32.4 27.6 0
52.3 47.7 39.4 44.8 58.3 70.5 68.1 62 61 59.5 60.8 63.2 67.8 70.9 71.8 69.3 68 72.3 73.9 77.3 73.8 70.3 69.6 69.2 65.4 0
63.1 55.4 51.6 52.8 51.9 51.3 48.7 50.3 52.3 47.7 39.4 44.8 58.3 70.5 68.1 62 61 59.5 60.8 63.2 67.8 70.9 71.8 69.3 68 1
57.4 54.2 49.9 51.8 53.6 53.5 51.4 57.3 59.2 60.9 67.3 63.1 55.4 51.6 52.8 51.9 51.3 48.7 50.3 52.3 47.7 39.4 44.8 58.3 70.5 1
62 56.6 55.1 56.5 56.3 54.7 59 66.6 67.5 62.5 60.3 57.4 54.2 49.9 51.8 53.6 53.5 51.4 57.3 59.2 60.9 67.3 63.1 55.4 51.6 0
66.7 59.9 57.7 51.6 58.6 64.1 62 56.6 55.1 56.5 56.3 54.7 59 66.6 67.5 62.5 60.3 57.4 54.2 49.9 51.8 53.6 53.5 51.4 57.3 1
63.1 59.1 55.5 65.8 72.2 71.5 70.4 66.7 66.7 59.9 57.7 51.6 58.6 64.1 62 56.6 55.1 56.5 56.3 54.7 59 66.6 67.5 62.5 60.3 0
63 56.1 54.3 58.5 64.3 65 63.1 59.1 55.5 65.8 72.2 71.5 70.4 66.7 66.7 59.9 57.7 51.6 58.6 64.1 62 56.6 55.1 56.5 56.3 1
55.5 48.3 45.6 43.8 48.9 51.2 54.7 54.1 60.9 64.6 63.4 63.4 65.6 70.1 69.4 69.2 67.5 63 56.1 54.3 58.5 64.3 65 63.1 59.1 1
57.3 50.9 47 52.1 52.3 54.9 63.5 62.1 55.5 48.3 45.6 43.8 48.9 51.2 54.7 54.1 60.9 64.6 63.4 63.4 65.6 70.1 69.4 69.2 67.5 1
51.4 41.5 37.8 40.9 42.6 39.8 41.2 47.8 51.5 54.1 53.8 52.9 56.1 61.9 68.6 70.5 69.4 70.1 69.2 67.2 67.9 64.6 57.3 50.9 47 1
68.6 66.7 64.6 71.7 72.6 70.4 70.3 67 60.2 58.2 57.2 51.4 41.5 37.8 40.9 42.6 39.8 41.2 47.8 51.5 54.1 53.8 52.9 56.1 61.9 1
53.5 46.7 43.3 44.2 50.1 49.8 54.3 60.7 67.7 73.7 73.1 71.7 77.8 80.5 78.9 75.6 74.1 80.9 77.6 75.4 83.9 86.8 86.1 85 82.1 0
42.8 30.8 25.5 26 21.4 23.1 23.1 27.3 28.6 29.7 26.8 25.3 28.7 30.4 33.7 37.2 35.3 39.6 48.1 54.8 53.5 46.7 43.3 44.2 50.1 0
45.9 32.4 27.3 32.5 35.3 40.3 42.8 30.8 25.5 26 21.4 23.1 23.1 27.3 28.6 29.7 26.8 25.3 28.7 30.4 33.7 37.2 35.3 39.6 48.1 1
51.7 46.7 42.1 44.9 46.6 45.9 32.4 27.3 32.5 35.3 40.3 42.8 30.8 25.5 26 21.4 23.1 23.1 27.3 28.6 29.7 26.8 25.3 28.7 30.4 1
51.2 41.8 33.7 35.7 37.9 40.2 41.7 43.1 43.7 47.7 54.5 55.9 56 54.4 53.1 51.5 53.2 59.9 58.9 57.4 56.5 53.2 51.7 46.7 42.1 1
48.6 43.2 36.5 38.9 46.2 47.3 45 49.5 55.6 52.7 48.2 46.8 49.2 53.3 51.2 41.8 33.7 35.7 37.9 40.2 41.7 43.1 43.7 47.7 54.5 1
55.7 50.8 50.2 48.6 48.6 55.3 56.1 58.3 60.4 59.1 52.3 48.6 43.2 36.5 38.9 46.2 47.3 45 49.5 55.6 52.7 48.2 46.8 49.2 53.3 1
54.1 45.1 44.9 47.6 47.7 43.8 44 44.4 46.9 50.2 49.9 51.5 51.4 52.3 56.6 69.1 68.4 61.6 59.6 61.9 57.7 55.7 50.8 50.2 48.6 1
29.1 14.8 14.2 16.9 17.8 21.3 25.3 27 30 38.2 42.1 39.5 32 35.2 46.3 56.2 57.6 57.6 53.6 62.4 65 64.2 68.5 66.7 65.8 1
60.3 54.4 45.8 43.5 50.1 51.5 53.5 55.3 53.2 53.9 58.4 58.9 56.5 51.4 48.1 46.9 45.1 43.9 34.6 28.5 29.1 14.8 14.2 16.9 17.8 1
66.2 64.4 62.4 62.2 64.5 67.7 75.8 81.4 79.7 79.2 80.5 80.3 76.4 72.3 67.5 67.5 64.3 60.3 60.3 54.4 45.8 43.5 50.1 51.5 53.5 0
52.1 49.8 47.1 44.2 40.7 41.4 44.6 52.7 61.2 60.6 56.5 56.1 63.2 68.8 67.2 66.2 64.4 62.4 62.2 64.5 67.7 75.8 81.4 79.7 79.2 1
30.4 18.1 18.3 22.6 24.7 19.4 18 19.7 17.6 19.3 24.5 25.7 25.7 25.9 26.6 30.9 34.1 38.5 40.5 45.5 52.8 62.2 68.6 70.2 71.7 1
44 37.1 33.2 28 29.4 32.5 33 32.2 37.5 42.4 44 44.5 49.5 53.7 55 48.4 43.1 41.4 41.9 43.5 43.4 38.1 32.5 30.4 18.1 1
50.8 44.8 40.5 45.7 46 41.6 43.3 45.1 43.7 46.1 50 46.4 47.2 44 37.1 33.2 28 29.4 32.5 33 32.2 37.5 42.4 44 44.5 0
46.2 40.4 41 44.1 46.3 47.6 50.8 44.8 40.5 45.7 46 41.6 43.3 45.1 43.7 46.1 50 46.4 47.2 44 37.1 33.2 28 29.4 32.5 1
67.8 58.4 42.8 40.9 43.1 45.7 49.8 56.8 62 66.2 66.4 70.4 67.5 62.4 62.4 59 59.2 60.1 57 61 59.4 53.5 46.2 40.4 41 1
67.4 61.3 59.3 62.4 73.8 73.6 70.7 77.6 81 79.8 77.9 77.2 82.1 85.9 84.7 84.6 86.9 85.7 84.2 81.5 78.7 77.1 73.6 68.6 67.8 1
66.6 61 59.5 57.4 58.5 63.5 67.1 74.3 77.6 77.5 81.4 81.1 81.8 81 80.5 80.3 78.8 75.5 75.2 72.8 67.4 61.3 59.3 62.4 73.8 0
60.1 49.5 40.5 40.9 39.3 41 44.7 44.8 40.7 41.1 49.5 49.8 47.8 53.3 53.7 51.4 49.9 52.5 58.7 60.8 67.2 66.6 61 59.5 57.4 1
35.7 30.2 28.9 25.8 25.8 26.8 27.5 30.5 38.9 51.2 62.9 63.9 60 70.8 70.3 69.7 69 66.5 65.8 60.1 49.5 40.5 40.9 39.3 41 1
47 37.2 25.8 26.5 30.2 33.8 33 33.6 36.4 38.3 40.7 42.8 45.8 44.5 43.7 45.2 48.3 49.9 52.5 55.3 57.3 59 53 47.9 42.5 1
52 47.2 40 40.8 41.6 41.9 41.7 44.6 48.2 47 37.2 25.8 26.5 30.2 33.8 33 33.6 36.4 38.3 40.7 42.8 45.8 44.5 43.7 45.2 0
47.2 42.1 32 34.1 37.3 42.2 54.9 59.5 58.5 60.8 56.6 52 47.2 40 40.8 41.6 41.9 41.7 44.6 48.2 47 37.2 25.8 26.5 30.2 1
48.8 40.8 39.4 41.8 37.2 38 44 47.9 51.1 55.8 56 52.9 56.2 57 56.7 50.8 45.2 49.4 47.2 42.1 32 34.1 37.3 42.2 54.9 1
48.4 37.5 28 32.6 38.2 40.3 42.7 48.6 50.7 53.1 55.8 56.1 55.2 57.7 55.4 51.5 53.7 54.9 55.1 53.7 52.8 52.6 50.7 52.4 48.8 1
55.7 50.9 44.6 46.7 51.4 58.4 58.1 53.4 48.4 37.5 28 32.6 38.2 40.3 42.7 48.6 50.7 53.1 55.8 56.1 55.2 57.7 55.4 51.5 53.7 1
68.9 64.5 61.8 60.3 57 60 64.9 74.3 78.7 77.3 77.5 78.7 77.5 80.5 77.7 72.7 68.9 69.5 71.3 69.1 68.6 71 76.9 78.9 75.8 0
43.2 38.7 39.7 45.3 47.2 50.3 53.7 53.5 59.7 68.7 68.9 64.5 61.8 60.3 57 60 64.9 74.3 78.7 77.3 77.5 78.7 77.5 80.5 77.7 0
30 23.7 24.3 25.6 26.6 29.5 31.3 26.8 33 39.2 41.3 41.8 43.2 38.7 39.7 45.3 47.2 50.3 53.7 53.5 59.7 68.7 68.9 64.5 61.8 1
40.9 37.3 34.2 31.6 36.4 38.3 38.8 36.1 37.5 42.1 43.8 37.1 37.8 38.6 38.6 41.3 45.5 42.7 31.5 27.4 29 30 23.7 24.3 25.6 0
43.9 36.3 32.3 34.8 36.4 39.3 40.8 40.9 37.3 34.2 31.6 36.4 38.3 38.8 36.1 37.5 42.1 43.8 37.1 37.8 38.6 38.6 41.3 45.5 42.7 0
53.7 46.5 36.5 40.7 48.5 49 46 43.9 36.3 32.3 34.8 36.4 39.3 40.8 40.9 37.3 34.2 31.6 36.4 38.3 38.8 36.1 37.5 42.1 43.8 1
44.8 40.5 27.1 31.6 40.7 43.9 43.7 48.7 49 47.9 52.2 48.5 47.7 54.3 54.7 54.7 53.7 46.5 36.5 40.7 48.5 49 46 43.9 36.3 0
48.8 41 36.1 39 40.8 47.3 44.8 40.5 27.1 31.6 40.7 43.9 43.7 48.7 49 47.9 52.2 48.5 47.7 54.3 54.7 54.7 53.7 46.5 36.5 1
68.3 63.8 60.2 61.8 65.8 73.4 70.3 68.2 67.9 65.7 60.5 57 57 55.4 48.8 41 36.1 39 40.8 47.3 44.8 40.5 27.1 31.6 40.7 0
60.9 56.3 55.4 54.3 53 63 70.4 68.3 66.6 71.1 68.3 63.8 60.2 61.8 65.8 73.4 70.3 68.2 67.9 65.7 60.5 57 57 55.4 48.8 0
50.9 45 43.9 42.4 45.6 55.1 65.3 66.8 64.7 63.9 61 63.1 66.4 67.1 60.9 56.3 55.4 54.3 53 63 70.4 68.3 66.6 71.1 68.3 1
66.1 57.5 53.5 55.8 57 58.4 61.9 59.8 56.5 63.5 71.6 74.3 75.1 69.5 67.5 66.3 61.8 67.4 64.4 53.7 50.9 45 43.9 42.4 45.6 1
73.5 69.1 66.8 68.4 66.8 69.8 76.5 81.9 80.4 78.8 80.1 80 78.7 74.9 71.6 66.1 57.5 53.5 55.8 57 58.4 61.9 59.8 56.5 63.5 1
54.5 53.4 50.9 50.4 51.2 54.3 55.6 50.3 50.6 61.7 75.5 75.1 73.6 73 74.8 72.8 75.3 74.9 76.1 75.8 74.8 73.5 69.1 66.8 68.4 1
56.2 51.9 50.7 50.3 50.3 49 47 47.5 49.9 49.8 51.2 49.1 49.3 50.9 57.6 69.5 80 82.6 80.2 77 76.5 74.2 66.4 54.6 54.3 0
43.3 38.6 33.5 32.8 30.4 31.6 34.6 41.9 54 59.8 64 64.6 57.9 53.7 52.1 54.2 56.2 51.9 50.7 50.3 50.3 49 47 47.5 49.9 1
52.9 45.8 44.1 47.1 49.6 49.5 50.5 54.3 55.6 58.1 63.4 64 58.4 52.1 52.8 52.8 51.1 46.4 43.3 38.6 33.5 32.8 30.4 31.6 34.6 0
42.3 40.9 40.2 42.6 36.1 35 37.5 42.7 44.3 42.5 44 40.9 42.8 43.9 49.6 52.9 45.8 44.1 47.1 49.6 49.5 50.5 54.3 55.6 58.1 1
42.8 34.8 26.1 23.1 28.1 33.8 37.8 46.4 45.1 43.5 48.8 55.4 57.4 51.1 42.4 39.7 38.8 42.3 40.9 40.2 42.6 36.1 35 37.5 42.7 1
55.5 44.4 43.1 45.5 41.1 41.1 41.5 37.1 34.4 37.9 38.5 31.7 35.4 34.2 38.2 40.6 43.5 46.4 41.5 44.9 46 36.6 38.9 46.7 47.3 1
57.7 53.4 46.7 46.9 49.8 54.5 54.4 52.1 52.3 55 55.6 66.1 64.5 55.5 44.4 43.1 45.5 41.1 41.1 41.5 37.1 34.4 37.9 38.5 31.7 0
49.2 44.2 38.8 42.8 50.2 57.8 57.7 53.4 46.7 46.9 49.8 54.5 54.4 52.1 52.3 55 55.6 66.1 64.5 55.5 44.4 43.1 45.5 41.1 41.1 0
47.2 44.8 39.5 37.5 35.1 35.7 32.5 29.2 32.1 38.9 39.4 32 32.7 34.5 37.6 39.2 41.1 41.9 36.2 34.6 36.5 40 46.8 53.4 55.3 0
47 42.7 38.4 37.6 43.7 45.5 41.2 41.2 46.9 49 47.2 44.8 39.5 37.5 35.1 35.7 32.5 29.2 32.1 38.9 39.4 32 32.7 34.5 37.6 0
43.2 22.1 22.8 27.2 25.8 23.1 25.5 30.5 35.1 41.2 44.3 49.6 53.5 54.5 51.6 47 42.7 38.4 37.6 43.7 45.5 41.2 41.2 46.9 49 1
68.3 63.4 59.9 61.2 67.6 72 75.1 73.3 73.1 71.3 68.1 63.8 58.3 60.1 56.8 51.2 43.2 22.1 22.8 27.2 25.8 23.1 25.5 30.5 35.1 0
57 46.1 39 39.5 40.7 44.4 47.3 56.6 55.6 53.8 54 53.6 51.7 50.1 56.7 65.5 68.3 63.4 59.9 61.2 67.6 72 75.1 73.3 73.1 1
38.5 29 24.2 12.5 15 21.5 22.8 25.7 36.5 43.7 43.4 46.7 48.7 47.9 52.1 58.6 56.1 60.3 60.1 57 46.1 39 39.5 40.7 44.4 1
53.9 47.6 46.3 45.5 45.4 49.6 47.5 42.5 44.8 46.9 45.8 38.5 29 24.2 12.5 15 21.5 22.8 25.7 36.5 43.7 43.4 46.7 48.7 47.9 1
65.3 61.9 63.1 63.9 60.6 55.5 56.1 57.3 57.3 57.9 66.2 66.5 66.6 72 74.2 78.3 77.5 77.9 76.6 74.1 69.9 65.2 62.7 63.1 61.3 1
60.4 55.6 51.2 51.3 52.4 53.3 55.8 59.1 60.9 64.8 62.5 66 71.6 70.5 65.3 61.9 63.1 63.9 60.6 55.5 56.1 57.3 57.3 57.9 66.2 0
64.3 59.2 48.8 49.4 53.1 58 57.9 56.5 56.1 57.3 60.4 55.6 51.2 51.3 52.4 53.3 55.8 59.1 60.9 64.8 62.5 66 71.6 70.5 65.3 0
58.3 48.5 48 49.8 52.8 61.1 65.3 64.3 59.2 48.8 49.4 53.1 58 57.9 56.5 56.1 57.3 60.4 55.6 51.2 51.3 52.4 53.3 55.8 59.1 1
51.3 42.8 34 30.5 26.7 27.2 31.6 34.6 35.9 40 42.4 41.9 41.7 43.1 42.7 41.6 48.3 52.2 59.3 65.1 72.5 72.4 66.7 61.8 58.3 1
47.7 36.1 31.1 32.4 32.5 32.9 34.1 39.4 42.5 43.1 47.1 49.8 47.5 46.2 51.2 56 54.9 51.1 50.3 53.8 51.3 42.8 34 30.5 26.7 0
32.7 22.7 15.5 15.8 18.3 22.7 26.9 29.7 32.5 33.2 27.6 26.8 30.9 24.1 17.6 19.7 22.4 24.9 27.5 27.7 31.4 33.5 34.2 39 41.4 0
43.9 35.8 28.1 28.4 28.4 25.8 27.4 31.9 32.7 22.7 15.5 15.8 18.3 22.7 26.9 29.7 32.5 33.2 27.6 26.8 30.9 24.1 17.6 19.7 22.4 1
48.9 36.5 31.6 28.7 23.7 23.1 23.3 24.2 23.9 26.7 29.9 38.3 42.7 45.8 49 49.8 53.2 57.9 57.8 47.5 44.3 47.8 50.5 46 42.3 1
59.4 58.1 55.5 58.1 63.1 62 61.2 58.6 61.6 65.3 74.9 74.6 69.3 65.8 61.4 62.6 62.2 57.3 53.2 53.2 48.9 36.5 31.6 28.7 23.7 1
60.5 52.7 48.9 53.1 61.1 69.3 68.2 67.5 64.9 63.3 60.8 56.9 59.4 58.1 55.5 58.1 63.1 62 61.2 58.6 61.6 65.3 74.9 74.6 69.3 0
52.9 41.3 40.8 47.5 47.6 60.2 60.9 55.3 52.2 53 52.8 54.1 56.8 58.2 60.5 60.5 52.7 48.9 53.1 61.1 69.3 68.2 67.5 64.9 63.3 0
35.2 26.8 27.3 29.2 24.5 22.2 16.3 17.4 14.3 14.7 16.8 19.7 23.3 26.3 28.1 27.7 27.6 30.5 34.3 42.6 52.9 41.3 40.8 47.5 47.6 1
47.1 45.3 40.6 39.1 43.8 49.2 46.4 44.3 45.1 40.9 37.7 36.9 35.2 26.8 27.3 29.2 24.5 22.2 16.3 17.4 14.3 14.7 16.8 19.7 23.3 0
53.1 49.1 45.4 44.3 41.7 45.3 45.8 52 47.8 40.6 41.3 43.8 44.2 47.1 45.3 40.6 39.1 43.8 49.2 46.4 44.3 45.1 40.9 37.7 36.9 1
64.4 54.8 50.5 54.8 54.1 53.1 52.7 53.5 52.7 53.8 58.2 63.3 69.9 69.5 68.8 63.2 60.8 58.2 59.9 63.8 59.3 55.7 53.1 49.1 45.4 1
61.2 55.5 53.7 58.5 66.3 74.4 74.7 73.1 78.6 76.8 76.3 74.1 70.3 67.2 64 61.7 65.1 69.4 64.4 54.8 50.5 54.8 54.1 53.1 52.7 0
38.1 30 27.2 28.5 34.8 37.9 45 52.1 57.5 57.2 58.6 61.2 55.5 53.7 58.5 66.3 74.4 74.7 73.1 78.6 76.8 76.3 74.1 70.3 67.2 0
33 23.5 16.7 18.9 21.6 24.2 26.3 26.4 21.9 23.1 26.2 22.5 18.5 20.1 21 22.9 28.9 32.8 34.7 37.2 38.3 38.1 30 27.2 28.5 1
65.4 63.5 60.6 59.7 64.1 66.5 70 71.6 70.8 67.2 65.9 63.9 65.2 70.7 66.6 62.2 63.1 57.6 50.6 52.5 57.6 55 46.7 39.3 37.6 0
58.6 55.2 47.9 48.6 47.6 53.8 66.6 67.3 65.4 63.5 60.6 59.7 64.1 66.5 70 71.6 70.8 67.2 65.9 63.9 65.2 70.7 66.6 62.2 63.1 1
30.1 18.5 9.9 10.7 11.8 12.1 6.8 7.4 7.4 7.6 9.6 10.2 11.1 12.8 14.8 17.9 15.5 15.7 17.1 20.6 26.1 33 39.8 39.5 35.6 1
46.7 39.3 34 39.4 40.9 34.9 35.6 32.6 29.6 28.2 24.5 21.5 23.8 27.9 29.6 31 34 33.9 30.1 18.5 9.9 10.7 11.8 12.1 6.8 1
73 68.3 67.4 71.7 70.4 80.2 80 81.6 81.6 86.3 88.8 88.5 87.2 87.8 86.4 85.3 89.3 88.7 87.1 86.7 86.5 88.4 87.5 84.9 79.4 0
59.8 54.2 49 52.1 58.4 57.9 53.2 53.9 66.8 69.2 71.5 73 76.6 78.3 73 68.3 67.4 71.7 70.4 80.2 80 81.6 81.6 86.3 88.8 1
34.9 26.7 21.6 25.4 26.2 28.1 32.6 34.7 34.3 30.8 30 37.1 46.7 46.5 45.3 51.7 54.2 57 62.5 62.4 61.4 59.8 54.2 49 52.1 0
38.4 27.6 26.2 26.6 30 34.2 40.1 29.3 31 34.9 26.7 21.6 25.4 26.2 28.1 32.6 34.7 34.3 30.8 30 37.1 46.7 46.5 45.3 51.7 1
27.2 20.2 18.7 19.2 17.6 20.4 22.9 24.3 27.8 29.8 33.6 39.5 41.2 43 45.4 41.3 41.6 41.2 43.7 45.1 40.4 41.2 47.2 54.4 55.2 0
34.7 31.1 26.9 26 28.5 27.2 27.2 20.2 18.7 19.2 17.6 20.4 22.9 24.3 27.8 29.8 33.6 39.5 41.2 43 45.4 41.3 41.6 41.2 43.7 1
58.2 55.2 49.1 50.4 56.7 57.3 61.7 72.1 75.2 74.7 76.8 72.3 61.5 60 59.4 60.5 61.8 57.8 53.1 49.8 54 57.5 51.8 52.4 50.4 0
58.4 53.4 52.2 50.5 52.8 55.1 58.2 55.2 49.1 50.4 56.7 57.3 61.7 72.1 75.2 74.7 76.8 72.3 61.5 60 59.4 60.5 61.8 57.8 53.1 1
63.3 58.2 54.2 58.3 62 60.2 59.4 58.4 53.4 52.2 50.5 52.8 55.1 58.2 55.2 49.1 50.4 56.7 57.3 61.7 72.1 75.2 74.7 76.8 72.3 0
50.8 39.5 30.3 30.4 33.4 37.2 37.7 37.2 41.1 48.4 51.8 52.9 53.1 54 58 59.6 64.3 63.3 58.2 54.2 58.3 62 60.2 59.4 58.4 1
49.4 42 40.4 42.3 51.3 63.7 64.4 65.5 62.7 59.8 60.3 59.4 50.8 39.5 30.3 30.4 33.4 37.2 37.7 37.2 41.1 48.4 51.8 52.9 53.1 1
54.3 46.7 37.1 39.6 40.4 45.3 50.3 56.1 60.9 62.9 64.6 69.9 68.8 64.5 59.6 58.9 58.3 55.3 49.4 42 40.4 42.3 51.3 63.7 64.4 0
54.5 50.3 46 50.7 54.3 46.7 37.1 39.6 40.4 45.3 50.3 56.1 60.9 62.9 64.6 69.9 68.8 64.5 59.6 58.9 58.3 55.3 49.4 42 40.4 0
47.6 43.2 40.5 41.5 38 39.7 47.4 52.3 54.8 54.5 50.3 46 50.7 54.3 46.7 37.1 39.6 40.4 45.3 50.3 56.1 60.9 62.9 64.6 69.9 1
63.9 58 56.6 58.1 64.4 60.8 58.4 57.6 58.3 61.1 59.9 51.7 48.3 48 47.6 43.2 40.5 41.5 38 39.7 47.4 52.3 54.8 54.5 50.3 1
70.5 69.3 66.3 64.8 63.2 62.9 66.9 77 79.3 77.9 76.6 74.2 70.9 69.5 67.2 63.9 58 56.6 58.1 64.4 60.8 58.4 57.6 58.3 61.1 0
40.2 33.7 31.2 28.6 30.9 32.1 30.4 33.1 38.2 44.5 49.4 59.3 64.4 64.2 60.2 60.9 70.5 69.3 66.3 64.8 63.2 62.9 66.9 77 79.3 1
35.5 32.7 29 25.9 26.3 30.6 30.8 29 32.2 29.9 32.1 34.3 41.4 52.9 57.3 60.7 63.7 70.3 74.7 69.3 67.1 74.2 77.5 75.8 75.7 0
41.8 33.4 26.5 18.4 20.6 21 24 24.3 25.8 27.6 27.7 30.2 30.4 32.3 34.7 35.5 32.7 29 25.9 26.3 30.6 30.8 29 32.2 29.9 0
69.6 51 28.9 25.8 21.5 22.5 26.7 25.4 30 34.9 34.4 35.3 34.6 32.8 34.3 40.7 41.8 33.4 26.5 18.4 20.6 21 24 24.3 25.8 1
66.3 63 58.7 59.1 66.7 79.3 79.5 75.9 74.1 69.6 51 28.9 25.8 21.5 22.5 26.7 25.4 30 34.9 34.4 35.3 34.6 32.8 34.3 40.7 0
46.4 35 34.5 38.3 40 41.9 38.2 38.9 41.8 41 37.4 39.4 47.5 48.8 50.8 57 59.5 62.2 62.8 65.4 73.6 71.9 68 70.1 69.2 0
47.4 44 41.5 41.6 37.5 39.8 44.6 46.4 35 34.5 38.3 40 41.9 38.2 38.9 41.8 41 37.4 39.4 47.5 48.8 50.8 57 59.5 62.2 0
47 42.9 41.7 43.3 47.4 44 41.5 41.6 37.5 39.8 44.6 46.4 35 34.5 38.3 40 41.9 38.2 38.9 41.8 41 37.4 39.4 47.5 48.8 0
32.8 22.5 21 25 28.7 31.8 32.4 28.6 23 24.3 25.3 20.6 19.4 20.1 17.8 17.6 15.3 17.9 20.1 23.1 26.6 33.5 37.8 37.6 37.3 0
38.9 35.7 32.8 32.6 33.9 35.6 37.3 36.9 30.5 29.9 31.9 32.8 22.5 21 25 28.7 31.8 32.4 28.6 23 24.3 25.3 20.6 19.4 20.1 0
39.5 30.6 30.6 31.3 27.3 32.8 32 21.5 23.7 32.4 34 38.9 35.7 32.8 32.6 33.9 35.6 37.3 36.9 30.5 29.9 31.9 32.8 22.5 21 0
40.3 36.2 34.7 31 32.8 35.1 34.7 30 31.9 35.3 38.3 40.6 37.8 40.9 42.8 45.9 42.5 39.4 40.8 38.2 40.1 44.8 39.5 30.6 30.6 1
55.1 45.8 40 46.6 46.1 44.5 45.5 41.9 40.3 36.2 34.7 31 32.8 35.1 34.7 30 31.9 35.3 38.3 40.6 37.8 40.9 42.8 45.9 42.5 0
29.9 21.2 21.2 21.2 19.4 17.9 11.8 11.5 12.3 12.3 14.9 28 39.7 45.4 47.4 45.2 43.5 47.1 51.8 55.1 45.8 40 46.6 46.1 44.5 0
34.5 26.2 17.6 19.6 21.3 22.7 21.8 23.6 23.3 23.9 24.8 27.7 29.9 21.2 21.2 21.2 19.4 17.9 11.8 11.5 12.3 12.3 14.9 28 39.7 0
43 32.9 29.6 28.3 30.6 33.3 34.5 26.2 17.6 19.6 21.3 22.7 21.8 23.6 23.3 23.9 24.8 27.7 29.9 21.2 21.2 21.2 19.4 17.9 11.8 1
55 53.4 48.8 51.2 54.3 50.3 45.8 42.8 45.5 48.9 47.7 44.2 41 42.7 47.2 43 32.9 29.6 28.3 30.6 33.3 34.5 26.2 17.6 19.6 1
65.5 53.3 44.4 44.8 44.3 39.6 37.7 41.1 44.7 47.8 51.2 54.4 55.8 56.5 55 52.5 56.6 58.7 58.5 57.3 57.2 58.8 58.2 56.2 55 1
35.6 30.4 30.9 30.4 28 27.4 26.8 27.3 32 37.9 34.3 35.5 40.7 46 50.2 64.7 68.8 65.2 61.9 67.8 72.7 69.6 67.8 65.2 64.9 0
31.4 24.5 24.5 24.9 22.2 15.3 12.5 15.4 18.5 24.2 27.4 25.5 27.9 26 25.4 26 27.7 31.2 27 24.4 28.5 32.2 31 31.7 35.6 1
65.1 60.2 56.2 56.1 55 53.7 53.3 58.6 63.8 63 60.2 56.8 52.4 44.9 37.1 31.4 24.5 24.5 24.9 22.2 15.3 12.5 15.4 18.5 24.2 0
47.8 39.2 35.3 35.5 37.2 37.6 36.9 35.4 38.2 49.4 50.7 49.6 62.4 65.8 65.1 60.2 56.2 56.1 55 53.7 53.3 58.6 63.8 63 60.2 0
41.2 34.9 24.1 25.4 34.6 39.1 43.5 46.8 47.2 44.6 49.5 50.1 47.8 39.2 35.3 35.5 37.2 37.6 36.9 35.4 38.2 49.4 50.7 49.6 62.4 1
68.1 65 62.7 67.8 67.6 70.3 71.4 68.9 63.9 57.4 48.7 41.2 34.9 24.1 25.4 34.6 39.1 43.5 46.8 47.2 44.6 49.5 50.1 47.8 39.2 0
54.7 51.6 49.7 46.9 48.1 53.6 52.5 56.9 64 68.1 65 62.7 67.8 67.6 70.3 71.4 68.9 63.9 57.4 48.7 41.2 34.9 24.1 25.4 34.6 1
58.6 54.3 51.1 50.4 53.3 59.4 66.6 66.3 62.7 59.9 54.3 51.9 53.7 54.7 51.6 49.7 46.9 48.1 53.6 52.5 56.9 64 68.1 65 62.7 0
45.2 32.9 23.2 23 26.7 25.5 27 30.9 38.2 41.9 41.4 46.4 49.9 44.4 48.5 53.8 51.5 47.5 48.2 54.4 51 50.7 53.6 55.9 55.5 0
49.2 36.8 32.6 36.3 42.1 46.4 44.5 46.8 47.5 46.5 51.6 49.6 47.7 45.2 32.9 23.2 23 26.7 25.5 27 30.9 38.2 41.9 41.4 46.4 1
74.9 72.9 74 75 83.8 83.4 80.9 79.7 78.6 77.4 72.9 68.7 65.4 63.1 54.7 52.4 52.2 49.2 36.8 32.6 36.3 42.1 46.4 44.5 46.8 1
73.2 68.2 66.1 66.9 72.6 83.4 82.3 79 77.6 74.9 72.9 74 75 83.8 83.4 80.9 79.7 78.6 77.4 72.9 68.7 65.4 63.1 54.7 52.4 1