0.65 -0.09 -0.79 -0.7 0.24 -0.34 -0.38 -0.07 -0.01 -0.22 -1.11 0.86 0
0.38 0.28 0.05 0.24 0.36 0.31 -0.69 0.19 0.64 1.04 -1.15 1.16 1
1.22 1.01 1.19 0.9 1.2 1.64 1.84 1.58 1.71 1.96 0.07 1.67 0
-1.21 -1.91 -2.45 -2.37 -2.6 -2.56 -2.56 -2.52 -2.14 -2.35 -1.06 -0.22 1
1.27 0.55 0.3 -0.06 0.03 0.56 0.62 0.6 0.66 0.04 -1.02 1.08 1
0.6 0.09 -0.22 -0.22 -0.36 -0.05 -0.19 -0.53 -0.3 -0.18 -1.06 0.83 0
-0.44 -0.29 -1.21 -0.77 -0.45 0.3 0.85 0.47 0.33 0.54 -0.59 0.89 1
0.37 0 -0.45 0.11 -0.2 -0.13 0.1 -0.15 -0.42 -0.12 -1.06 0.76 0
-0.03 -0.54 -1.21 -1.39 -1.24 -0.86 -1.13 -0.97 -0.79 -0.91 -1.06 0.58 1
2.27 2.05 1.81 1.43 1.37 2.52 2.4 2.3 1.24 1.65 -0.45 1.63 0
0.15 -0.12 -0.51 -0.4 -0.34 -0.45 -0.65 -0.5 -0.3 -0.43 -1.06 0.74 0
0.74 0.16 0.1 -0.08 0.21 0.09 0.54 0.54 0.38 0.04 -1.02 0.98 1
0.33 0.16 0.32 -0.29 0.06 -0.03 -0.07 0.38 0.5 0.58 -1.11 1.03 1
-0.61 -0.64 -0.85 -1.32 -1.21 -0.89 -1.4 -2.25 -1.69 -1.14 -1.02 0.33 0
-0.19 -0.1 -0.78 -0.65 -0.85 -0.73 -0.64 -0.48 -0.61 -0.64 -0.67 0.53 1
0.93 0.47 0.62 0.32 0.41 0.63 0.44 0.12 0.53 0.66 -1.11 1.16 0
0.13 -0.05 -0.6 -0.08 -0.13 0.46 0.77 1.04 0.93 0.47 -0.76 1.07 0
0.11 -0.1 -0.66 -0.91 -0.05 0.23 0.13 -0.05 -0.6 -0.08 -1.11 0.9 1
1.44 1.78 1.15 1.11 0.96 1.17 1.17 1.63 1.46 1.77 -1.15 1.69 1
1.03 0.58 0.53 0.59 0.54 1.22 1.54 1.15 1.55 1.51 -1.15 1.53 0
2.02 1 0.42 0.42 0.99 1.06 1.37 1.37 0.95 1.09 -1.06 1.39 1
2.62 2.42 1.93 1.89 2.99 2.95 2.94 2.63 3.12 2.87 -1.06 2.1 0
0.6 0.64 0.36 0.16 0.29 0.7 0.39 0.84 1.59 1.23 -0.19 1.33 0
0.41 0.06 -0.59 -0.73 -0.64 0.1 -0.31 -0.27 -0.65 -0.09 -1.06 0.82 1
0.01 -0.43 -0.43 -0.53 -0.76 -0.68 -0.85 -0.49 -0.4 -0.35 -1.06 0.68 0
0.04 -0.06 -0.8 -0.86 -0.97 -0.55 -0.44 -0.08 0.01 -0.43 -1.06 0.66 0
0.2 -0.54 -0.58 -0.83 -1.09 0.28 0.37 0.87 0.04 -0.06 -1.11 0.73 0
0.25 0.21 -0.19 -0.23 -0.35 -0.35 -0.42 -0.35 -0.71 -0.31 -1.06 0.82 0
-0.18 -0.26 -1.06 -1.06 -0.88 -0.73 -1.4 -0.93 -0.43 0.16 -1.11 0.76 1
1.33 1.31 0.62 0.84 0.87 1.12 1.82 0.86 0.34 0.09 -0.59 1.2 0
-1.14 -1.2 -1.82 -1.82 -1.54 -0.78 -0.7 -0.37 -0.54 -0.46 -1.15 0.4 1
2.38 2.03 1.68 1.63 1.72 1.9 2.32 2.71 2.57 2.29 -0.41 1.89 0
1.46 1.29 0.65 0.83 0.88 0.68 0.88 1.37 1.32 1.4 -1.11 1.57 0
0.4 0.44 -0.01 0.24 0.59 0.3 0.23 0.76 0.76 0.51 -0.45 1.23 0
-0.89 -0.81 -1.59 -1.43 -1.4 -1.3 -1.21 -1.12 -0.9 -1.5 -1.06 0.23 0
-0.26 -1 -1.18 -1.53 -1.84 -1.36 -1.69 -1.15 -0.8 -0.76 -1.06 0.38 1
0.44 0.44 0.24 0.09 0.54 0.7 1.02 0.9 0.49 0.64 -0.5 1.05 1
0.79 0.57 0.29 0.41 0.52 0.93 1.39 1.66 1.27 1.23 0.11 1.35 0
0.07 -0.98 -1.3 -1 -1 -1.63 -1.63 -1.43 -0.94 -0.34 -1.11 0.6 0
0.71 0.09 -0.07 -0.23 0.03 0.31 0.07 0.07 -0.98 -1.3 -0.8 0.66 1
1.77 1.63 1.48 1.58 1.33 1.43 2.26 3.1 2.91 2.88 -0.8 2 1
0.65 0.55 0.29 0.04 0.56 0.46 0.68 1.19 1.78 1.43 -0.19 1.4 0
0.14 0 -0.98 -0.83 -0.52 -0.96 -0.86 0.05 0.16 0.48 -1.06 0.84 0
-0.21 -0.29 -1.06 -0.88 -0.97 -0.82 -0.48 -0.98 -1.3 -1.02 -1.06 0.55 1
0.36 0.13 -0.03 0.03 0.22 0.5 0.21 0.55 1.05 1.08 -0.11 1.29 0
0.44 0.28 0.11 0.23 0.19 0.4 0.16 0.36 0.13 -0.03 -1.06 1.01 1
0.76 0.81 0.39 0.21 0.02 0.02 0.38 0.83 0.64 1.68 -0.06 1.35 1
1.55 0.99 0.77 0.87 0.87 1.56 2.21 2.44 2.1 1.98 -1.11 1.57 0
-0.01 -0.31 -0.69 -0.56 -0.69 -0.19 -0.05 0.25 0.56 1.05 -0.59 1.06 0
0.01 -0.27 -0.33 -0.23 -0.01 -0.31 -0.69 -0.56 -0.69 -0.19 -1.11 0.84 0
0.17 -0.22 -0.34 -0.42 -0.19 -0.37 -0.15 0.3 0.01 -0.27 -1.06 0.81 0
0.17 0.04 -0.32 -0.21 -0.34 -0.47 0.17 0.17 -0.22 -0.34 -1.06 0.8 0
-0.46 -0.43 -1.12 -0.98 -0.84 -0.6 -0.04 0.42 0.42 0.77 -1.15 0.78 0
0.29 0.15 -0.43 -0.04 0.65 0.35 -0.06 0.29 -0.05 -0.46 -1.06 0.79 1
0.79 0.71 0.51 0.49 0.82 1.3 0.54 0.33 0.74 0.01 -0.63 1.11 0
-0.13 -0.27 -0.99 -0.95 -0.9 -0.9 -0.64 -0.31 -0.37 -0.23 -1.06 0.68 0
0.77 -0.35 -0.43 -0.82 -0.72 -0.13 -0.27 -0.99 -0.95 -0.9 -1.02 0.64 1
-0.03 -0.24 -1.16 -0.98 -0.79 -0.63 -0.34 0.08 -0.32 -0.28 -1.06 0.71 1
0.18 0.04 -0.34 -0.05 0.07 -0.3 -0.01 -0.21 0.66 1.12 -0.06 1.11 0
0.61 0.37 -0.27 -0.01 -0.33 -0.25 0.18 0.04 -0.34 -0.05 -1.06 0.87 0
-0.46 -0.52 -1.08 -1.73 -1.47 -1.11 -0.88 -0.63 0.02 0.16 -1.15 0.66 0
-0.09 -0.6 -1.14 -0.51 -0.44 -0.41 -0.66 -0.14 -0.57 -0.29 -1.11 0.7 0
0.08 0.08 -0.49 -0.34 -0.44 0 -0.05 -0.09 -0.09 -0.6 -1.06 0.73 0
-0.12 -0.24 -0.53 -1.02 -0.36 0.36 0.23 0.54 0.88 0.8 -0.89 1.01 0
-0.29 -0.39 -0.64 -0.54 -0.12 -0.26 -0.12 -0.24 -0.53 -1.02 -1.15 0.77 1
1.28 1.35 1.01 1.01 1.07 0.79 1.11 1.11 1.16 1.26 -1.06 1.51 1
0.38 0.16 -0.4 -0.25 -0.05 0.05 0.42 0.21 0.77 1.51 -1.15 1.26 0
-0.45 -0.55 -1.17 -1.22 0.06 0.34 0.7 0.38 0.16 -0.4 -0.85 0.82 0
-0.57 -0.85 -1.38 -1.45 -1.21 -1.14 -0.92 -0.84 -0.53 -0.32 -1.11 0.49 0
0.17 0.08 0 -0.41 -0.41 -0.17 -0.32 -0.26 -0.86 -0.32 -0.8 0.73 0
-0.6 -0.81 -1.02 -2.19 -1.51 -1.48 0.33 0.17 0.08 0 -0.5 0.59 0
-0.74 -0.86 -2.21 -2.16 -2.1 -1.75 -1.42 -1.16 -1.21 -0.3 -1.06 0.28 1
0.22 -0.48 -0.66 -0.72 -0.78 -0.17 -0.22 -0.06 -0.3 0.02 -1.11 0.72 0
0.32 0.22 -0.43 -0.49 -0.72 0.01 0.06 -0.1 0.22 -0.48 -1.06 0.76 0
0.68 0.24 -0.34 -0.2 -0.57 -0.2 -0.1 -0.16 0.32 0.22 -1.06 0.83 0
0.45 0.45 -0.31 -0.12 -0.17 0.16 -0.22 -0.57 0.14 0.3 -1.06 0.95 1
1.34 0.83 0.38 0.45 0.83 0.78 1.09 0.72 0.46 0.88 -1.06 1.27 1
1.48 1.16 0.85 0.73 0.98 1.48 1.41 1.63 2.35 2.18 -1.15 1.66 0
2.05 1.64 0.87 0.83 1.61 1.48 1.16 0.85 0.73 0.98 -1.06 1.57 0
0.54 0.37 0.3 0.22 0.37 0.33 1.19 1.42 2.05 1.64 -0.72 1.36 0
0.1 -0.57 -0.64 -0.64 -0.12 -0.37 -0.28 -0.79 -0.48 -0.34 -1.11 0.78 1
0.09 -0.17 -0.83 -0.83 -0.65 -0.61 -0.33 -0.03 -0.09 0.38 -1.11 0.87 0
1.74 0.16 -0.43 -0.43 -0.26 -0.4 -0.54 0.09 -0.17 -0.83 -1.06 0.77 0
0.63 0.02 -0.4 -0.58 -0.2 -0.32 -0.03 -0.14 -0.05 1.06 -1.11 1.06 1
1.4 1.93 1.24 1.66 1.66 2.01 1.85 1.83 1.72 1.49 -1.06 1.72 0
0.32 0.11 0.11 -0.09 0.31 -0.08 0.4 0.4 0.54 0.54 -1.15 1.16 0
-0.95 -0.92 -1.59 -1.39 -1.05 -0.93 -1.7 -1.38 -1.38 -0.68 -1.15 0.42 1
-0.59 -0.83 -1.62 -1.41 -1.77 -1.48 -1.29 -0.59 -0.28 0.06 -1.11 0.51 0
-0.72 -0.72 -0.9 -0.8 -0.75 -0.75 -0.41 -0.36 -0.36 -0.67 -0.67 0.5 0
0.25 -0.48 -0.76 -0.58 -0.58 -1.21 -0.72 -0.72 -0.9 -0.8 -1.06 0.58 0
-0.51 -0.87 -1.27 -1.12 -0.86 -0.75 -0.46 -0.4 -0.81 -0.6 -1.11 0.57 1
1.28 0.96 0.29 0.48 0.37 0.13 0.18 -0.1 0.26 0.73 -1.06 1.22 0
1.63 1.02 0.7 0.9 0.85 1.33 1.33 0.94 0.7 1.28 -1.06 1.35 0
0.31 0.1 -0.67 -0.62 -0.54 -0.6 -0.02 -0.23 0.08 1.22 -0.5 1.1 0
-0.29 -0.72 -1.4 -0.92 -0.83 -1.48 -1.35 -0.51 -0.12 -0.28 -1.11 0.6 1
1.9 1.83 1.44 1.82 1.87 2.37 2.27 2.37 2.1 1.85 -1.06 1.79 1
2.29 1.53 1.22 1.57 1.99 2.18 2 1.98 1.75 2.14 -1.11 1.81 1
1.69 1.69 1.3 1.14 1.48 1.75 1.69 2.11 3.38 3.26 -0.63 1.86 1
2.57 2.11 1.83 1.81 2.73 3.01 3.44 3.39 3.3 3.07 -0.28 2.23 0
1.77 2.12 1.45 2.15 2.06 2.06 2.42 2.33 2.69 2.57 0.11 1.97 0
-0.15 -0.46 -1.2 -1.08 -1.73 -1.36 -0.78 -0.11 0.34 0.61 -1.15 0.92 0
0.15 -0.02 -0.23 -0.28 -0.26 0.1 -0.12 -0.22 -0.02 0.14 -0.72 0.76 0
-0.6 -0.97 -1.06 -2.41 -1.85 -1.07 -0.59 -0.84 -0.87 -0.77 -1.11 0.55 1
-0.81 -1.49 -2.36 -2.17 -1.98 -0.86 -0.73 -0.71 -0.3 -0.39 0.02 0.49 1
0.41 0.04 -0.56 -0.53 -0.31 -0.43 -0.11 -0.11 0.33 0.41 -1.11 0.93 0
0.02 0.14 -0.28 -0.65 -0.46 -0.64 0.31 0.33 0.53 0.83 -1.06 0.87 0
0.74 0.72 -0.31 0.07 -0.07 -0.04 0.18 -0.02 0.3 0.02 -1.06 0.9 0
0.1 0.1 -0.3 -0.12 -0.06 -0.26 -0.43 -0.56 0.45 0.76 -0.5 1.02 1
0.76 0.62 0.48 0.29 0.53 0.95 0.92 1.07 1.44 1.35 -1.15 1.35 1
0.6 0.4 -0.37 -0.11 0.05 0.38 1.1 1.05 1.05 1.17 -0.72 1.25 0
0.17 0 -0.75 -0.53 -0.43 -0.56 -0.56 0.11 0.6 0.4 -1.06 0.83 0
0.73 -0.4 -1.4 -0.68 0.17 0 -0.75 -0.53 -0.43 -0.56 -1.11 0.77 1
0 -0.64 -0.99 -0.86 -0.86 -1.03 -0.95 -0.86 -0.83 -0.97 -1.06 0.5 0
-0.58 -0.69 -0.67 -0.94 -0.53 -0.7 -0.87 -1.1 -1.01 -1.81 -1.06 0.49 0
-0.52 -0.45 -1.26 -0.87 -0.58 -0.69 -0.67 -0.94 -0.53 -0.7 -1.06 0.46 0
0 -0.36 -0.71 -0.91 -0.71 -0.87 -1.26 -0.52 -0.45 -1.26 -1.02 0.54 1
0.03 -0.47 -0.74 -1.18 -1.27 -0.85 0.83 1.42 0.99 0.9 0.15 1.14 1
0.1 -1.02 -1 -0.97 -1.23 -1.4 -1.27 -1.33 -1.48 -1.11 -0.98 0.31 0
0.24 0.15 -0.85 -0.67 -0.88 -0.32 -0.53 -0.49 0.1 -0.83 -1.06 0.67 1
1.02 0.78 0.67 0.8 0.76 0.75 0.88 0.64 1.13 1.15 -1.11 1.39 0
-0.83 -0.88 -0.83 -1.53 -2.18 -1.84 -1.61 -1.36 -1.33 -1.24 -1.02 0.31 1
0.25 -0.26 -0.26 -0.4 -0.49 -0.3 -0.21 -0.83 -0.88 -0.83 -0.72 0.48 0
0.64 0.15 -0.03 0.18 0.24 0.29 0.33 0.25 -0.26 -0.26 -0.41 0.89 0
0.09 0.24 -0.25 -0.02 0.23 -0.33 -0.71 -0.25 0.3 0.74 -1.15 0.98 0
0.9 0.46 -0.1 -0.26 0.22 -0.01 0.51 -0.23 -0.23 0.78 -1.11 1.16 0
0.06 0.09 -0.54 -0.51 -0.84 0.09 0.45 0.68 1.08 1.38 -0.63 1.05 0
1.23 0.57 0.01 0.27 0.52 0.59 0.5 0.3 -0.38 0.06 -1.06 0.96 1
1.15 0.56 0.3 0.26 -0.09 0.31 1.09 1.79 1.68 1.65 -1.11 1.46 1
0.08 0.17 -0.48 -0.6 -0.44 0.37 0.37 0.34 -0.15 0.18 -0.24 1.15 1
0.3 -0.45 -1.39 -1.78 -1.51 -1.01 0.03 0.49 0.4 0.85 -1.11 0.88 1
0.44 0.5 0.26 0.43 0.06 0.24 0.88 0.62 0.57 0.96 -0.98 1.15 0
0.89 0.56 -0.35 -0.43 0.23 0.74 1.15 1.01 1.2 0.95 -1.06 1.14 0
0.56 0.58 0.37 0.53 0.04 0.47 0.96 0.99 0.89 0.56 -1.06 1.11 1
1.4 1.17 0.82 0.4 0.91 0.98 1.13 1.3 1.94 1.87 -1.15 1.61 0
0.15 -0.02 -0.3 -0.71 -0.46 -0.09 0.47 0.89 1.56 1.9 -0.67 1.22 1
0.89 0.86 0.59 0.36 0.76 0.93 0.68 1.41 1.19 2.13 0.11 1.55 0
0.72 0.49 0.14 0.22 0.48 0.42 0.31 0.64 0.82 0.52 -1.11 1.18 0
0.67 0.44 0.37 0.41 0.18 0.39 0.47 1.3 0.88 0.59 -1.15 1.23 1
1.47 1.14 0.52 0.63 0.79 0.76 0.71 0.99 1.6 1.22 -1.06 1.33 0
-0.77 -1 -1.56 -1.52 -1.69 -1.36 -1.29 -1.26 -1.24 -1.88 -1.06 0.28 0
-0.21 -0.56 -0.84 -1.19 -1.18 -0.77 -1 -1.56 -1.52 -1.69 -0.85 0.33 0
0.49 -0.01 -0.24 -0.01 -0.38 -0.22 -0.25 -0.69 -0.52 -0.33 -0.98 0.77 0
0.59 0.02 -0.01 -0.28 -0.03 0.49 -0.01 -0.24 -0.01 -0.38 -1.02 0.83 1
1.35 0.88 0.7 0.43 0.31 0.89 0.86 1.03 0.7 0.7 -1.02 1.23 1
1.15 1.23 0.38 0.77 1.39 1.31 1.17 1.98 2.03 1.76 -1.15 1.58 1
1.51 1.25 1.25 1.02 1.13 1.83 2.66 2.28 2.94 2.75 -0.28 1.92 1
1.47 1.54 0.47 0.62 0.3 0.69 0.76 0.87 1.08 1.59 -1.06 1.47 0
1.7 0.71 0.12 0.23 0.89 0.36 0.51 0.66 1.6 1.47 -1.11 1.29 1
1.74 1.83 1.25 1.32 1.59 2.05 1.77 2.02 1.24 0.98 -1.06 1.63 0
1.23 0.87 0.33 0.71 1.19 0.68 0.22 1.27 1.48 1.64 -1.11 1.41 0
-0.06 -0.4 -0.55 -0.42 -0.81 -0.51 -0.61 -0.84 -0.25 -0.9 -0.98 0.57 0
0.47 0.41 0.08 -0.03 -0.4 0.28 0.51 0.11 -0.06 -0.4 -0.98 0.84 1
1.04 0.84 0.44 0.87 0.76 0.69 0.56 0.61 0.82 0.85 -1.06 1.28 0
0.1 0.22 -0.39 -0.17 -0.23 0.15 -0.13 -0.09 1.04 0.84 -0.72 1.04 0
0.26 0.24 -0.29 -0.41 0.27 0.88 0.76 0.95 0.64 -0.08 -1.06 1.01 1
2.31 2.19 1.92 1.97 2.93 2.84 2.83 3.3 3.16 2.95 -1.15 2.25 0
0.45 0.32 -0.01 0.39 0.41 0.51 0.24 0.69 1.11 1.3 -0.41 1.3 0
-0.08 -0.53 -1.42 -1.25 0.48 0.32 0.17 0.29 0.17 0.1 -1.15 0.88 1
0.18 0.15 -0.51 -0.63 -0.55 -0.51 -0.48 -0.6 -0.51 -0.31 -1.06 0.73 0
1.27 0.58 0.41 0.01 -0.15 0.51 -0.38 -0.35 -0.26 0.6 -0.89 0.89 1
1.7 1.32 0.4 0.73 0.81 0.88 0.83 1.24 1.89 2.09 -1.11 1.64 1
1.22 1.11 0.59 1.19 1.6 1.35 1.62 1.42 1.72 1.63 -1.15 1.65 0
0.12 0.25 -0.71 -0.44 -0.28 -0.64 -0.21 0.07 0.48 1.04 -0.63 1.05 1
2.33 1.97 1.1 1.52 1.35 1.24 2.16 2.2 1.91 2.16 -1.06 1.76 0
1.15 1.01 0.69 0.85 1.1 2.1 2.04 2.33 1.97 1.1 -0.76 1.63 1
0.46 0.22 -0.03 0.08 0.03 0.08 0.43 0.36 0.58 0.29 -1.11 1.06 0
0.06 0.27 -0.21 -0.61 -0.87 0.2 -0.16 -0.2 -0.36 -0.24 -1.06 0.85 0
-0.52 -0.76 -1.12 -1.63 -1.39 -0.09 -0.19 0.39 -0.4 -0.26 -1.15 0.68 1
-0.13 -0.46 -0.99 -0.87 -0.77 -0.71 -0.57 -1.11 -1.01 -0.52 -1.06 0.58 0
-0.81 -0.73 -1.77 -1.05 -1.14 -0.78 -1.27 -1.11 -1.06 -1.04 -1.06 0.43 0
-1.52 -1.41 -1.8 -2.13 -2.12 -1.9 -2.31 -3.18 -3 -2.88 -1.02 -0.18 0
-0.62 -1.06 -1.73 -1.96 -1.61 -1.82 -2.02 -1.88 -1.86 -1.69 -1.02 0.06 0
0.13 -0.51 -1.11 -1.22 -1.22 -1.29 -1.13 -0.75 -0.62 -1.06 -0.67 0.32 0
-0.36 -0.81 -1.07 -0.97 -1.17 -0.88 -0.58 -0.58 -0.28 0.13 -1.06 0.51 0
-0.45 -0.37 -0.6 -0.44 -0.77 -0.8 -0.36 -0.81 -1.07 -0.97 -0.98 0.54 0
0.99 0.53 0.01 0.34 -0.36 0.03 0.21 0.18 -0.07 -0.36 -1.06 1 0
0.38 0.05 -0.3 -0.53 -0.6 -0.19 -0.19 0.56 0.56 0.99 -1.11 0.94 0
0.91 0.46 -0.11 0.09 -0.5 -0.58 -0.06 0.18 0.18 0.38 -0.98 0.88 0
-0.15 -0.44 -0.75 -0.79 -1.51 -1.1 -0.11 0.08 -0.04 0.26 -1.11 0.77 0
-0.42 -0.34 -0.44 -0.7 -0.7 -0.95 -0.62 -0.36 -0.26 -0.23 -1.02 0.67 0
1.36 0.86 -0.21 -0.21 -0.67 -0.91 -0.55 -0.12 0.29 0.46 -0.98 0.88 1
0.4 0.22 0.08 0.15 0.47 0.71 0.54 0.73 0.68 0.74 -0.32 1.32 1
0.06 -0.55 -1.17 -0.84 -0.84 -1.31 -0.88 -0.21 -0.27 0.12 -1.11 0.63 0
0.36 0.09 -0.19 -0.43 -0.1 0.02 0.06 -0.55 -1.17 -0.84 -0.85 0.68 1
-0.18 -0.23 -0.53 -0.31 -0.28 0.48 0.71 1.1 0.89 1.41 -0.19 1.19 0
0.22 0.27 -0.5 -0.5 -0.46 -0.18 -0.23 -0.53 -0.31 -0.28 -1.06 0.91 0
-1.61 -1.87 -2.44 -2.48 -2.4 -2.74 -2.58 -3.28 -3.14 -3.35 -1.02 -0.4 1
-0.47 -0.62 -1.02 -0.81 -0.63 -0.28 -0.45 -0.33 -0.45 -0.28 -1.11 0.59 0
-0.91 -1.04 -1.1 -1.48 -1.34 -1.07 -0.73 -0.46 -0.42 -0.47 -1.15 0.46 0
0.46 0.37 -0.69 -0.28 0.03 -0.41 -0.91 -1.04 -1.1 -1.48 -0.89 0.58 1
0.75 0.75 0.09 -0.07 1.06 1.11 2 1.94 1.79 1.95 -0.24 1.5 0
1.14 0.7 0.05 -0.14 -0.33 0.59 0.75 0.75 0.09 -0.07 -1.11 1.24 0
0.32 0.28 -0.75 -0.63 -0.38 -0.9 -0.84 -0.98 -0.98 -0.54 -1.06 0.74 1
0.78 0.76 -0.07 -0.04 0.03 -0.02 0.61 0.85 1.14 0.79 -1.06 1.21 0
0.25 0.1 -0.31 -0.16 -0.04 0.18 -0.19 0.3 0.34 0.18 -1.11 0.96 1
1.07 0.84 0.72 1.01 1.01 0.42 0.51 1.23 0.78 1.16 -1.11 1.34 0
0.59 0.42 -0.16 -0.27 -0.19 0.37 0.66 1.44 1.18 1.02 -0.59 1.23 0
0.19 -0.32 -0.38 -0.61 -0.23 -0.1 -0.8 -0.27 -0.18 -0.13 -1.11 0.84 0
0.48 0.72 -0.34 -0.12 -0.54 -0.84 -0.52 0.4 0.95 0.9 -1.06 0.91 1
1.57 0.92 0 -0.27 -0.34 -0.34 -0.15 0.47 0.77 0.77 -1.06 1.14 1
2.2 2.28 1.67 1.57 2.17 2.11 2.48 2.44 1.94 1.77 -1.06 1.9 0
-0.62 -0.62 -1.7 -1.91 -1.63 -1.84 -1.58 -1.56 -1.53 -1.18 -1.06 0.28 0
1.12 -0.32 -0.45 -0.59 -0.5 -0.19 0 -0.16 -0.03 -0.28 -0.54 0.77 0
-0.82 -0.82 -1.28 -1.67 -1.42 -1.22 -1.1 -1.23 -0.71 -0.68 -1.06 0.44 1
2.47 2.21 2.12 1.96 2.23 2.74 3.76 3.64 3.53 3.53 0.37 2.32 1
1.53 1.62 1.45 1.76 1.44 1.71 2.24 1.69 2.29 2.18 -0.85 1.82 0
0.66 0.85 0.21 0.49 0.25 0.13 -0.22 0.38 0.99 0.99 -1.06 1.26 0
0.27 -0.13 -0.43 -0.32 -0.49 -0.47 -0.45 -0.8 -0.3 0 -1.11 0.85 1
0.75 0.53 0 0.21 0.48 1.08 0.96 0.79 0.38 0.59 -1.06 1.07 1
0.61 0.08 0.16 -0.29 0.13 0.13 0.03 0.55 -0.05 -0.23 -1.11 0.95 0
-0.75 -0.75 -1.39 -1.22 -1.07 -0.68 -0.73 -0.56 -0.77 -0.53 -1.15 0.57 0
-0.23 -0.43 -1.02 -1.02 -0.87 -0.56 -0.75 -0.75 -1.39 -1.22 -1.06 0.49 1
-0.04 -0.32 -0.41 -0.68 -1.51 0.26 0.13 0.13 0.13 0.34 -1.15 0.89 0
0.03 0.25 -0.23 -0.15 0.09 0.26 -0.04 -0.32 -0.41 -0.68 -1.06 0.81 0
-0.13 -0.34 -0.44 -0.64 -0.9 -1.01 -0.4 0.65 0.88 0.75 -0.54 0.86 0
0.96 0.06 -0.63 -0.39 -0.88 -0.84 -0.84 -0.69 -0.44 -0.28 -1.06 0.7 1
-0.6 -0.89 -1.02 -1.11 -1.41 -1.13 -1.07 -1.48 -2.18 -1.73 -0.8 0.18 0
-0.42 -0.94 -1.49 -1.87 -1.59 -1.28 -1.25 -1.23 -1.13 -1.05 -1.06 0.34 1
0.78 0.43 -0.24 -0.19 -0.35 0.3 0.25 0.62 0.23 0.18 -1.06 0.98 1
1.9 1.61 1.49 1.49 2.18 1.74 1.95 2.37 2.99 2.65 -0.41 1.88 0
1.37 1.68 0.86 1.48 1.24 1.17 1.43 1.9 1.61 1.49 -1.15 1.66 0
1.18 0.99 0.36 0.19 0.48 0.78 1.05 0.89 0.67 0.88 -1.06 1.36 0
0.01 -0.36 -1.06 -0.82 -1.05 -1.21 -0.62 -0.5 -0.21 -0.5 -1.06 0.67 1
0.11 0.23 -0.53 -0.07 -0.21 0.1 0.78 0.97 1.32 1.09 -0.24 1.14 0
0.76 0.27 0.09 0.01 0.39 -0.21 0.08 -0.2 0.11 0.34 -1.02 0.94 0
0.09 -0.21 -0.77 -1.13 -1.11 -0.71 -0.32 -0.39 -0.37 -0.46 -1.06 0.66 0
0.64 0.72 -0.09 -0.41 -0.9 -0.88 -0.22 0.95 0.79 1.22 -1.06 1.07 0
-0.63 -1.14 -1.38 -1.3 -1.24 -1.96 -1.82 -1.81 -1.69 -1.64 -1.11 0.31 0
-0.51 -0.76 -1.08 -0.79 -1.16 -1.07 -0.83 -0.79 -0.63 -1.14 -0.76 0.37 0
0.22 -0.35 -0.89 -0.87 -0.98 -0.68 -0.43 -0.18 -0.51 -0.76 -1.06 0.55 1
0.31 -0.16 -0.4 -0.77 -0.27 0.3 0.58 0.97 1.11 1.11 -0.28 1.1 0
-0.11 0.06 -0.38 -0.09 -0.91 -0.45 -0.38 -0.61 -0.39 -0.71 -0.98 0.66 0
-0.15 -1.1 -1.46 -1.46 -1.93 -1.74 -1.8 -1.33 -1.39 -1.98 -1.06 0.17 0
-0.5 -1.4 -1.92 -1.86 -1.81 -0.8 -0.02 -0.15 -1.1 -1.46 -1.11 0.25 0
-0.22 -0.38 -0.34 -1.26 -1.26 -1.26 -1.26 -1.19 -1.14 -0.99 -1.02 0.43 0
-0.63 -0.84 -1.19 -1.41 -1.41 -1.25 -0.88 -0.65 -0.83 -0.73 -1.06 0.46 0
0.19 -0.56 -1.42 -1.8 -1.63 -1.46 -2.01 -1.84 -2.44 -2.2 -1.02 0.13 0
-1.14 -1.55 -2.17 -1.98 -2.68 -2.54 -2.04 -1.58 -0.67 -1.14 -1.11 0.19 1
0.01 -0.11 -0.51 -0.4 -0.36 -0.44 -0.38 -0.05 -0.29 -0.62 -1.06 0.7 0
0.21 -0.43 -1.14 -0.88 -0.22 -0.4 -0.27 -0.14 -0.2 -0.57 -1.11 0.71 1
1.19 1.08 0.12 0.25 0.06 0.64 0.58 0.44 0.72 0.7 -1.06 1.17 1
0.54 0.27 0.12 -0.29 -0.13 0.02 0.15 0.07 0.96 1.48 -1.15 1.24 1
1.24 1.39 0.5 0.56 1.07 0.59 1.01 0.54 0.27 0.12 -0.85 1.14 1
0.8 0.67 0.1 0.05 0.09 -0.05 0.24 0.18 0.52 -0.01 -1.06 1.15 0
0.48 -0.07 -1.71 -1.14 -0.81 -0.85 -0.39 -0.02 -0.24 0.3 -1.06 0.84 0
0.26 0.21 0.15 -0.14 -0.46 -0.14 -0.09 0.57 0.48 -0.07 -0.98 0.76 1
-0.44 -0.83 -1.24 -1.11 -1.3 -1.24 -1.7 -1.47 -1.38 -1.33 -0.98 0.27 1
0.01 -0.15 -0.24 -0.56 -0.28 0.15 0.29 0.57 0.34 0.05 -1.15 0.9 1
1.25 0.63 0.32 0.58 -0.09 0.33 0.62 0.75 0.47 0.51 -0.98 1.11 0
1 0.06 -0.21 -0.21 0.83 0.89 0.67 0.78 0.74 0.99 -1.11 1.28 1
0.89 0.85 0.5 0.56 1.29 1.57 1.93 1.89 1.77 1.61 -0.54 1.51 0
-0.03 0.06 -0.32 -0.1 -0.48 -0.23 -0.82 -0.5 0.03 -0.34 -1.15 0.88 0
0.23 0.09 -1.46 -1.7 -1.67 -0.73 -0.7 0.38 0.87 0.72 -1.06 0.82 1
1.18 0.47 0.43 0.96 0.6 0.39 0.48 0.56 0.69 0.73 -0.59 1.1 0
0.88 0.18 0.14 0.06 0.17 0.76 0.51 1.18 0.47 0.43 -1.11 1.15 0
0.2 0.04 -0.43 -0.29 -0.2 0.49 0.88 0.18 0.14 0.06 -1.15 1.02 1
0.68 0.39 0.08 -0.68 -0.44 0.45 0.11 -0.12 0.33 0.12 -1.06 0.97 1
0.37 0.37 -0.17 -0.07 0.32 0.65 1.22 1.44 1.82 1.52 -0.67 1.37 1
0.99 0.81 0.73 0.56 0.68 1.15 1.06 1.1 0.96 1.4 -0.8 1.45 0
0.11 -0.95 -1.63 -1.44 -1.69 -1.64 -1.3 -0.65 0.43 0.99 -1.11 0.71 1
0.87 0.76 0.55 0.25 0.14 0.57 1.44 1.46 0.11 -0.95 -0.76 0.85 0
0.61 -0.27 -0.23 -0.56 -0.25 -0.33 -0.75 -0.4 -0.64 0 -1.11 0.78 1
1.59 1.57 1.41 1.23 1.13 1.64 1.55 2.01 2.01 2.16 -1.15 1.8 1
2.01 2.1 1.12 1.1 1.54 1.51 1.31 1.62 2.04 2.22 -1.06 1.86 0
1.18 0.65 0.46 0.61 0.74 0.74 0.77 0.99 0.76 1.58 -1.11 1.42 1
2.02 1.68 1.2 1.53 1.62 1.59 2.56 2.04 2.02 1.91 -1.11 1.8 0
1.98 1.51 1.15 0.93 1.08 2.02 1.68 1.2 1.53 1.62 -1.11 1.71 1
0.95 0.83 0.64 0.69 1 0.8 0.89 0.89 1.06 1.08 -1.11 1.35 0
0.96 0.21 -0.29 -0.04 -0.01 0.28 -0.19 0.33 -0.13 -0.13 -1.06 0.87 1
1.45 1.41 1.34 1.41 1.13 1.16 1.95 1.04 1.19 1.09 -0.98 1.56 1
1.07 1.26 0.97 0.87 1.32 2 1.83 1.44 1.65 1.45 -0.59 1.58 0
0.79 0.51 -0.01 -0.11 0.36 0.11 0.29 0.57 0.31 1.07 -1.11 1.19 1
1.32 0.6 0.33 0.8 0.62 0.55 0.75 1.47 1.3 1.3 -1.11 1.42 0
0.45 0.51 -0.03 0.32 0.05 0.71 0.95 0.71 1.32 0.6 -0.76 1.17 1
2.24 1.92 1.79 1.73 2.38 2.3 3.13 2.71 2.18 2.18 -1.11 1.96 0
1.71 1.92 1.41 1.4 1.74 2.24 1.92 1.79 1.73 2.38 -0.89 1.91 0
0.6 -0.26 -0.61 -1.17 -1.06 -0.93 -0.9 -0.39 -0.28 0.5 -1.11 0.9 1
0 -0.09 -0.59 -0.23 0.21 0.19 0.17 0.74 0.61 0.36 -1.15 1.1 1
-0.38 -0.75 -0.98 -0.92 -0.45 -0.09 0.23 -0.37 -0.6 -0.33 0.02 0.77 0
-0.66 -0.83 -1.18 -1.85 -1.69 -1.25 -1.45 -1.26 -1.35 -1.3 -1.06 0.33 0
0.32 0.04 -0.9 -0.76 -1.56 -1.31 -0.61 -0.52 -0.41 -0.66 -1.06 0.57 1
1.42 1.31 0.6 0.58 1.28 0.45 0.66 1.18 1.48 1.51 -1.06 1.48 0
1.34 1.1 0.98 1.05 0.9 0.84 0.94 1.6 1.58 1.5 -1.11 1.45 0
1.15 0.95 0.78 0.75 1.34 1.1 0.98 1.05 0.9 0.84 -1.11 1.44 0
0.4 0.05 -0.51 -0.65 -0.12 -0.29 -0.35 -0.58 -0.33 -0.19 -1.06 0.88 0
-0.23 -0.84 -0.88 -1.14 -0.88 -1.1 -1.06 -0.62 -0.36 -0.06 -1.11 0.63 0
0.48 0.12 0.22 0.29 -0.23 -0.02 -0.39 -0.16 0.36 0.22 -0.59 0.9 1
1.14 0.21 -0.29 -0.76 -0.31 0.29 0.95 0.83 1.18 1.05 -1.11 1.33 0
0.81 0.69 0.35 0.15 0.78 0.37 0.33 0.51 0.81 1.14 -1.02 1.06 1
1.12 1 0.63 0.85 0.81 1.05 1.01 1.92 1.4 1.99 -1.15 1.54 1
1.66 0.7 0.54 0.68 0.59 0.83 1.18 0.91 0.7 0.83 -1.11 1.44 0
1.21 0.8 0.69 0.37 0.43 0.97 1.38 1.27 1.65 1.23 -1.15 1.5 1
0.55 0.71 0.49 0.3 0.69 0.3 0.35 0.97 1.05 1.05 -1.15 1.28 0
0.58 0.51 -0.11 -0.04 -0.18 0.09 -0.02 0.36 0.59 0.83 -1.06 1.06 0
0.79 0.81 0.41 0.09 0.82 1.59 1.17 1.06 0.87 0.83 -1.06 1.26 0
-0.08 -0.28 -1.36 -1.09 -1.37 -1.37 -0.83 -0.59 -0.54 -0.28 -1.06 0.61 1
0.89 1.22 0.41 0.26 0.87 0.78 0.71 -0.25 -0.08 -0.28 -0.72 0.87 0
0.72 0.7 0.02 0.23 0.4 -0.08 0.34 0.17 1.02 0.71 -1.06 1.14 0
0.6 0.25 -0.14 0.47 -0.39 -0.16 -0.05 0.04 0.96 0.88 -1.11 1.05 1
-1.28 -1.43 -1.93 -1.88 -1.99 -1.91 -1.98 -1.96 -2.24 -2.03 -1.06 -0.02 1
0.8 0.54 0.26 0.4 0.85 0.7 0.35 0.56 0.59 0.36 -0.28 1.08 0
0.37 0.37 -0.1 -0.26 -0.18 0.22 0.08 -0.06 0.37 0.46 -1.06 1.03 1
1.18 1.01 0.53 0.65 0.88 0.46 0.3 0.87 0.53 0.82 -1.06 1.33 1
0.89 0.57 0.18 0.5 0.65 0.22 0.35 0.27 0.52 1.39 -1.11 1.28 1
1.61 1.08 0.88 0.25 0.16 1.49 1.61 1.23 1.87 1.8 -1.11 1.53 0
0.13 -0.31 -0.45 -0.83 -0.8 -0.85 -0.74 -1.36 -1.08 -0.66 -1.06 0.68 0
0.18 -0.16 -0.36 -0.41 -0.51 -0.13 -0.7 0.13 0.13 -0.06 -1.11 0.83 1
0.59 0.65 0.41 0.16 -0.16 -0.07 0.06 0.33 0.33 0.63 -1.06 1.14 0
1.72 0.81 0.19 0.44 0.2 0.38 0.21 0.1 0.59 0.65 -1.06 1.09 0
1.09 0.79 0.07 0.64 0.45 0.84 1.2 1.45 1.78 1.72 -1.06 1.31 1
0.06 0.19 -1.33 -0.9 -0.66 -0.56 -0.97 -0.95 -1.2 -1.05 -1.06 0.47 0
-0.1 -0.46 -1.08 -1.01 -0.64 -0.37 0.06 0.19 -1.33 -0.9 -1.06 0.58 0
0.04 -0.32 -0.51 -0.44 0.08 -0.04 -0.21 0.17 0.21 0.14 -1.11 0.76 0
0.12 -0.16 -0.56 -1.05 -0.65 -0.76 -0.58 -0.41 -0.22 0.04 -1.06 0.7 0
-0.55 -0.4 -0.98 -1.27 -0.79 -0.84 -0.45 -0.73 0.12 -0.16 -1.06 0.57 0
-0.15 -0.21 -0.33 -0.31 -0.09 0.14 -0.52 0.13 0.53 0.07 -1.06 0.82 0
0.81 0.17 -0.36 -0.59 -0.15 -0.21 -0.33 -0.31 -0.09 0.14 -1.06 0.86 0
0.28 0.14 -0.2 -0.52 0.25 0.49 0.81 0.17 -0.36 -0.59 -1.06 0.87 1
0.48 0.59 0.11 -0.1 0.27 -0.14 0.47 0.5 0.79 0.83 -1.06 1.18 0
0.64 0.6 -0.28 -0.15 -0.15 -0.26 0.17 0.48 0.59 0.11 -1.06 0.97 1
1.14 1.19 0.44 0.44 0.48 0.57 0.95 1.17 1.3 0.86 -1.06 1.23 0
0.49 -0.04 -0.04 -0.18 -0.42 -0.39 -0.43 -0.21 0.09 0.94 -1.11 1.04 1
1.61 1.58 1.23 0.96 1.11 1.04 1.4 1.32 1.45 1 -1.06 1.62 0
0.35 0.19 0.14 -0.06 -0.02 0.28 0.28 0.71 1.14 1.61 -0.67 1.23 0
-0.09 0.18 -0.04 -0.67 -0.62 -0.34 -0.66 -0.82 -0.34 -0.22 -1.02 0.71 0
0.42 0.31 0.14 0.3 -0.14 0.27 -0.39 -0.14 -0.61 -0.98 -0.8 0.84 0
-0.54 -0.84 -1.15 -1.15 -0.76 -1.38 -1.16 -1.29 -0.79 -0.63 -1.11 0.44 0
0.21 0.12 -0.41 0.32 -0.07 -0.61 -0.37 -0.65 -0.42 -1.13 -0.93 0.71 1
-0.69 -1.01 -1.06 -1.43 -1.09 -0.8 -1.17 -1.33 -0.4 -0.75 -1.11 0.48 0
0 -0.48 -1.03 -1.03 -0.9 -0.54 -0.49 -0.56 -0.43 -0.43 -1.06 0.57 0
-0.7 -0.86 -1.23 -0.92 -1.89 -1.43 -2.04 -0.88 -0.77 -0.77 -1.06 0.39 1
-0.7 -0.58 -1.27 -0.99 -1.41 -0.33 -0.41 -0.48 -0.55 -0.55 -0.06 0.64 0
-0.16 -1.26 -1.34 -1.27 -1.41 -1.11 -0.88 -0.88 -0.4 -0.78 -1.11 0.42 1
0.47 0.47 0.16 0.07 -0.78 0.47 0.76 0.63 2.14 2.14 -0.28 1.24 1
-0.27 -0.8 -1.41 -1.32 -1.01 -0.87 -1.01 -0.81 -0.35 -0.58 -1.11 0.52 1
0.24 -0.27 -0.38 -0.95 -0.56 -0.21 0.42 0.42 0.45 0.36 -1.11 0.92 0
0.59 0.38 0.04 -0.04 -0.18 0.28 0.36 0.24 -0.27 -0.38 -1.02 0.88 0
-0.32 -0.43 -0.86 -0.64 -0.99 -0.99 -0.35 -0.63 -0.53 -1.27 -1.06 0.59 1
-0.11 -0.49 -0.64 -0.73 -0.73 -0.82 -0.64 -0.43 -0.17 -0.28 -1.11 0.7 1
0.46 0.07 -0.54 -0.72 -0.46 -0.67 -0.59 0.4 0.75 1.27 -1.11 0.99 0
0.53 0.49 0.34 -0.02 -0.06 0.42 0.66 0.49 0.72 0.46 -1.02 0.98 0
-0.67 -1.06 -1.52 -2.06 -1.49 -0.48 -0.28 -0.02 0.16 0.58 -1.15 0.69 1
1.11 0.91 -0.85 -0.79 -1.22 -0.99 -0.89 0.07 -0.16 -0.3 -1.06 0.76 0
-0.11 -0.63 -1.25 -1.58 -0.83 -0.57 -0.69 -0.32 0.52 0.86 -1.15 0.87 1
2.02 1.6 1.21 1.14 2.2 1.84 3.02 2.7 2.06 2.21 -1.11 1.85 0
1.21 1.11 0.95 0.84 1.06 1.49 1.01 1.39 1.49 1.46 -1.15 1.53 1
-0.32 -0.89 -1.15 -1.28 -0.88 -0.57 0.57 1.07 1.48 1.05 0.33 1.09 1
0.93 0.56 0.14 1 0.9 0.99 0.51 0.5 0.21 0.78 -1.06 1.11 0
0.71 0.69 0.34 0.19 0.48 0.3 0.98 0.85 1.2 0.74 -1.06 1.22 0
0.31 0.01 -0.38 -0.16 0.23 -0.14 -0.07 0.26 0.71 0.69 -1.11 0.99 0
-0.72 -0.88 -1.29 -1.59 -1.1 -0.78 -0.5 -0.43 -0.61 -0.76 -1.11 0.49 0
-0.5 -0.77 -1.04 -0.97 -0.72 -0.88 -1.29 -1.59 -1.1 -0.78 -1.06 0.46 0
-0.42 -0.55 -1.27 -1.21 -1.16 -1.43 -1.26 -0.87 -1.34 -1.1 -1.06 0.43 1
-0.04 -0.35 -0.86 -0.65 -0.51 -0.21 0.26 0.16 0.04 -0.08 -0.76 0.91 1
1.41 1.28 1.11 1.19 1.42 2.26 1.87 1.84 1.92 2.38 -0.41 1.78 1
0.61 0.61 0.32 0.24 0.12 0.5 0.73 1.16 1.35 1.03 -1.15 1.29 1
1.13 1.37 0.92 0.65 1.19 1.52 1.86 1.76 1.73 2 -0.32 1.84 0
0.16 0.14 0.29 -0.38 -0.2 0.15 0.64 0.68 0.96 1.05 -1.15 1.16 1
1.45 1.2 0.54 0.52 1.07 0.89 0.16 0.14 0.29 -0.38 -0.89 1.15 0
0.9 0.49 0.15 0.29 0.61 1.1 1.28 1.19 1.38 1.35 -0.32 1.39 1
-0.65 -1.34 -1.57 -1.81 -1.51 -1.66 -1.55 -1.31 -1.15 -1.3 -1.06 0.23 0
-0.71 -0.71 -0.91 -0.83 -1.02 -1.12 -1.15 -0.92 -0.76 -0.65 -0.67 0.35 0
-0.45 -0.49 -0.76 -1.17 -0.85 -0.75 -0.71 -0.71 -0.91 -0.83 -1.02 0.47 0
-0.22 -0.5 -1.16 -1.03 -1.15 -1.55 -2.02 -1.83 -1.55 -0.87 -1.06 0.4 1
0.85 0.25 -0.8 -0.64 0.3 1 0.79 1.32 1.43 1.4 -1.11 1.2 0
-0.28 0 -0.69 -0.48 -0.79 -0.52 -0.8 -1.01 -0.75 -0.25 -1.06 0.63 0
0.11 -0.26 -1.01 -1.01 -0.96 -0.75 -0.46 -0.18 -0.28 0 -1.06 0.63 0
0.01 0.01 -0.87 -0.74 -0.69 -0.99 -0.44 -0.03 0.14 0.05 -1.06 0.81 0
-0.3 -0.42 -0.63 -0.8 -1.13 -0.98 -0.71 -0.02 -0.83 -1.17 -1.06 0.54 0
0.67 0.4 -0.28 -0.34 -0.92 -0.98 -0.5 -0.77 -0.3 -0.42 -0.98 0.64 0
0.14 0.24 -0.61 -0.36 -0.31 0.09 -0.05 -0.07 -0.52 -0.17 -1.06 0.91 0
0.26 -0.21 -0.57 -1.08 -1.04 -0.97 -0.95 -0.68 -0.4 0.14 -1.06 0.66 0
-0.28 -0.27 -0.61 -1.26 -1.11 -0.77 -0.56 -0.51 -0.07 0 -1.02 0.64 0
-0.36 -0.36 -0.62 -0.48 -1.42 -0.65 -0.8 -0.77 -0.58 -0.58 -1.06 0.63 0
-0.05 0.17 -0.48 -0.83 -0.83 -0.76 -0.62 -0.36 -0.36 -0.62 -1.02 0.6 0
-0.94 -0.98 -1.57 -1.49 -2.3 -2.12 -1.34 -1.39 -1.19 -1.23 -1.06 0.23 1
0.62 0.33 0.13 0.17 0.36 0.23 0.05 0.61 1.47 1.53 -1.15 1.31 0
0.2 0.36 -0.29 -0.69 0.26 -0.29 0.21 0.43 0.43 0.39 -1.06 1 0
0.2 0.15 -0.2 -0.41 -0.57 -0.31 -0.2 -0.29 0.2 0.36 -1.06 0.82 0
-0.72 -1.08 -1.86 -1.56 -1.69 -1.05 -0.27 -0.22 0.09 0.31 -0.59 0.61 0
-0.98 -1.31 -1.35 -1.63 -1.31 -2.23 -2.21 -2.87 -2.57 -2.15 -0.93 -0.02 1
0.24 0.21 0.14 0.3 0.24 0.58 0.32 0.73 0.97 0.29 -0.19 1.06 0
-0.15 -0.47 -1.18 -0.72 -0.4 -0.79 -0.59 -1.18 -1.03 -1.72 -1.06 0.52 1
0.45 0.53 -0.01 0.35 0.09 0.42 0 -0.2 0.56 0.56 -1.06 0.99 0
-0.92 -1.67 -1.89 -1.83 -2.13 -2.06 -1.85 -1.75 -1.6 -1.22 -1.11 0.18 0
0.6 0.53 -0.77 -0.99 -0.89 -0.56 -1.07 -1.18 -1.22 -1.18 -0.54 0.51 0
0.28 0.18 -0.19 0.04 0.6 0.53 -0.77 -0.99 -0.89 -0.56 -0.37 0.66 0
0.74 0.54 0.03 0.51 0.44 0.99 1.14 0.77 0.28 0.18 -1.06 1.13 1
1.74 1.2 0.82 1.59 2 1.83 1.87 1.3 1.12 0.95 -1.06 1.47 0
0.86 0.97 0.79 0.51 0.93 1.05 1.42 1.26 1.74 1.2 -0.72 1.5 0
-0.38 -1 -1.31 -1.09 -1.44 -1.51 -0.94 -0.76 -0.74 -0.63 -1.11 0.5 0
-0.28 -0.39 -0.76 -0.59 -0.18 -0.42 -0.37 -0.35 -0.38 -1 -0.76 0.53 0
0.25 -0.2 -0.71 -0.46 0.21 0.07 -0.05 0 -0.24 0.15 -1.11 0.91 0
-0.09 0.01 -0.39 -0.47 -0.38 -0.49 -0.09 -0.29 -0.07 -0.52 -1.06 0.8 0
0.5 0.11 0.19 -0.42 -0.02 -0.11 -0.41 -0.41 -0.16 -0.09 -1.02 0.82 0
1.44 1.09 0.24 0.54 0.96 0.5 0.11 0.19 -0.42 -0.02 -0.8 1.02 0
0.62 0.23 -0.13 0.12 -0.2 0.6 1.55 1.71 1.57 1.55 -1.15 1.28 1
0.88 0.82 0.4 0.43 0.43 0.8 0.66 1.19 0.62 0.23 -1.06 1.14 0
0.75 0.46 0.32 0.12 0.17 0.25 0.86 0.91 0.96 0.79 -1.11 1.18 0
0.83 0.13 -0.47 -0.69 -0.69 -0.21 0.38 0.32 0.26 0.26 -1.06 0.96 0
1.21 0.9 -0.22 -0.35 -0.16 -0.11 0.08 0.83 0.13 -0.47 -1.06 0.91 0
-0.19 -0.1 -0.8 -0.71 -1.02 -0.92 -0.8 -0.84 -0.46 -0.75 -1.06 0.58 1
1.09 0.18 -0.41 -0.45 -0.42 0.02 -0.02 -0.31 0.27 0.72 -1.06 0.94 0
-0.37 -0.27 -0.82 -0.73 -0.67 -0.71 -0.59 -0.4 -0.16 -0.08 -1.15 0.76 0
-0.99 -1.36 -2.14 -1.74 -1.74 -1.4 -1.34 -1.66 -1.95 -1.95 -1.06 0.13 0
-0.45 -0.45 -1.2 -1.43 -1.22 -0.99 -0.99 -1.36 -2.14 -1.74 -0.8 0.24 1
-0.73 -1.83 -2.27 -2.26 -2.32 -2.27 -1.7 -1.53 -1.19 -0.94 -1.11 0.08 0
-0.28 -0.57 -1.22 -1.19 -1.01 -1.32 -1.14 -0.81 -0.72 -0.88 -0.59 0.41 0
0.07 -0.05 -0.11 -0.52 -0.52 -0.46 0.06 -0.06 0 -0.11 -1.06 0.83 0
0.13 -0.07 -0.6 0.1 0.07 -0.05 -0.11 -0.52 -0.52 -0.46 -1.06 0.81 0
-0.07 -0.36 0.05 -1.19 -1.39 -2.27 -1.94 -1.79 -1.65 -1.07 -1.02 0.41 1
0.18 -0.14 -1.39 -1.39 -2.08 0.04 0.33 0.51 1.06 1.27 -1.11 0.91 1
0.7 1.03 0.52 0.42 0.87 1.41 1.94 1.57 1.08 1 -1.15 1.37 1
0.66 0.61 0.5 0.52 0.31 0.6 1.02 1.04 1.06 1.13 -0.85 1.33 0
0.64 0.59 0.04 0.01 0.3 0.84 0.76 0.83 0.66 0.61 -1.06 1.15 0
1.49 0.9 0.38 0.42 0.38 0.32 0.45 0.58 1.25 0.91 -1.06 1.25 0
0.84 0.96 0.18 0.5 0.02 0.52 0.89 0.78 1.31 1.46 -1.15 1.36 0
0.91 0.57 0.57 0.83 0.43 0.87 1.06 1.03 0.84 0.96 -1.11 1.22 0
0.51 0.37 -0.71 -0.77 -0.81 -0.73 -0.38 0.17 0.91 0.57 -1.06 0.96 0
0.43 0.54 -0.03 -0.23 0.17 0.43 -0.1 -0.03 0.25 -0.17 -1.06 0.98 0
0.64 0.54 0.18 0.36 0.5 0.44 1.03 0.43 0.54 -0.03 -1.06 1.07 0
0.09 -0.36 -1.49 -1.16 -1 -1.19 -1.81 -1.61 -1.33 -0.83 -1.06 0.49 0
-1.19 -1.6 -2.23 -2.23 -2.13 -1.62 -1.59 -1.52 -1.48 -1.33 -1.11 0.19 0
-0.17 -0.67 -1.87 -1.24 -0.8 -0.55 0.08 0.32 0.35 0.06 -1.11 0.64 1
1.2 0.94 0.31 0.17 0.73 0.49 0.52 0.66 0.64 0.6 -0.59 1.11 1
1.22 0.97 0.77 0.98 1.03 1.73 1.05 1.01 1.29 1.24 -1.15 1.51 0
0.96 0.8 0.76 0.56 0.48 0.88 1.32 1.42 1.22 0.97 -1.15 1.39 1
1.78 1.32 1.01 0.66 0.82 1.62 1.32 1.26 0.86 1.18 -1.06 1.49 1
1.68 1.21 1.04 1.2 1.1 1.05 2.52 3.18 2.89 2.21 -1.11 1.71 1
1.27 0.36 0.09 0.03 0.33 0.25 0.29 0.2 0.04 0.52 -1.11 1.11 1
0.37 0.45 0.01 0.23 0.39 0.76 0.72 0.72 0.93 1.2 0.2 1.35 0
0.7 0.42 0.22 0.02 -0.08 0.14 0.23 0.37 0.45 0.01 -1.06 1.05 0
-0.14 -0.23 -0.97 -1.25 -0.99 -1.1 -0.42 -0.22 -0.18 0.17 -1.06 0.72 0
-0.51 -0.41 -0.31 -0.85 -0.92 -0.54 -0.6 -0.86 -0.92 -0.54 -1.02 0.54 0
0.04 -0.2 -0.32 -1.18 -1.02 -0.45 -0.19 0.03 -0.51 -0.41 -1.02 0.65 1
1.37 1.23 1.12 0.72 0.64 1.1 1.68 1.27 1.58 1.17 -1.02 1.42 1
1.66 1.88 1.26 1.56 1.63 1.7 2.05 1.96 1.61 1.74 -1.06 1.72 0
1.91 1.28 0.77 1.04 0.8 0.43 0.87 1.37 1.59 1.66 -1.06 1.54 0
1.57 1.31 0.7 0.86 0.78 1.14 1.91 1.28 0.77 1.04 -1.06 1.42 1
2.56 1.23 1.17 1.32 1.57 1.25 1.66 1.77 1.5 1.6 -1.11 1.63 1
2.21 1.99 1.64 1.98 2.12 2.29 3.08 2.56 1.23 1.17 -1.06 1.82 0
0.7 0.82 0.7 0.43 0.67 0.8 1.05 1.22 1.02 1.58 -0.63 1.47 0
1.17 0.89 0.54 0.7 0.46 0.58 0.15 0.33 0.27 0.13 -0.98 1.15 0
1.42 1.37 0.68 0.87 1.73 1.17 0.89 0.54 0.7 0.46 -0.76 1.29 1
1.23 1.39 0.56 0.94 0.49 0.53 0.77 0.85 0.61 0.61 -1.06 1.36 0
0.71 0.31 -0.41 -0.83 -0.19 -0.03 0.34 0.21 0.29 0.74 -1.11 1.06 0
-0.7 -0.75 -1.49 -1.71 -1.88 -1.75 -1.67 -1.54 -1.72 -1.62 -1.02 0.12 0
-0.53 -0.71 -0.65 -0.87 -0.69 -1.45 -1.12 -0.77 -0.91 -0.37 -0.93 0.44 1
1 0.86 0.4 0.51 0.75 0.5 0.91 0.97 0.8 0.97 -1.11 1.36 0
0.54 0.48 0.05 0.11 0.28 0.77 0.66 0.29 0.58 0.83 -1.11 1.16 1
-1.7 -1.68 -2.93 -2.9 -2.66 -2.27 -1.88 -0.99 -0.51 -0.14 -0.24 0.29 0
-1.08 -1.57 -1.96 -1.88 -1.79 -1.91 -1.7 -1.68 -2.93 -2.9 -1.06 -0.08 0
-0.25 -0.32 -1 -0.96 -0.87 -0.6 -1.04 -0.87 -0.83 -0.9 -0.72 0.44 0
0.22 0.02 -0.55 -0.29 -0.24 -0.57 0.68 1.33 1.03 0.06 -1.06 0.92 0
0.88 0.71 -0.51 -0.21 -0.84 -0.34 -0.11 -0.39 -0.29 0.5 -1.06 0.91 0
-0.42 -0.42 -0.85 -1.65 -0.99 -0.88 -2.01 -1.64 -0.9 -0.44 -1.06 0.57 1
1.2 1.02 0.64 1.16 0.45 0.54 1.45 1.68 1.46 1.43 0.02 1.53 0
0.62 0.34 -0.47 -0.23 -0.2 0.11 0.11 1.2 1.2 1.02 -1.11 1.12 1
1.32 0.79 0.47 0.59 0.71 0.52 0.68 0.84 1.05 1.01 -1.06 1.29 1
2.41 1.4 1.17 1.62 1.78 2.01 1.98 1.59 1.44 1.32 -1.06 1.58 0
1.79 1.21 1.04 1.34 1.15 1.06 2.61 2.47 2.41 1.4 -1.11 1.71 0
0.22 0.09 -0.5 -0.47 0.08 0.12 0.16 0.58 0.58 1.21 -1.15 1.16 0
-0.45 -0.56 -0.86 -0.64 -0.37 -0.64 -0.53 -0.23 -0.19 0.39 -0.63 0.8 0
0.36 -0.43 -1.03 -1.03 -1.1 -0.91 -0.38 -0.45 -0.45 -0.56 -1.06 0.59 1
-0.32 -0.76 -1.23 -0.91 -0.91 -1.07 -1.18 -0.99 -0.66 -1.01 -1.06 0.36 1
1.54 1.59 0.81 1.07 0.76 0.66 1.42 1.17 1.3 1.19 -0.28 1.41 0
1.32 1.19 0.22 0.26 0.87 1.25 1.67 1.93 1.54 1.59 -1.06 1.43 0
0.4 -0.03 -0.65 -0.65 -0.74 -0.98 -0.47 -0.3 -0.38 -0.71 -1.06 0.73 0
0.46 0.22 -0.21 -0.21 0.03 0.03 0.13 0.13 0.34 0.34 -1.06 0.98 0
0.52 -0.07 -0.24 -0.06 -0.49 -0.24 -0.82 -0.71 -0.63 -0.53 -1.06 0.79 1
-0.12 -0.58 -0.5 -0.98 -1.26 -0.87 -1.04 -0.41 -1.29 -0.97 -1.11 0.59 1
-0.2 -0.01 -0.78 -0.99 -0.78 -0.2 -0.12 0.25 0.76 1.07 -0.06 1.09 1
2.46 2.19 1.82 2.04 2.97 2.95 2.69 2.69 2.65 2.5 -1.11 2.07 1
1.86 1.41 1.2 1.74 1.84 1.77 1.62 2.24 2.48 2.4 -0.59 1.9 0
-0.77 -1 -1.1 -1.71 -0.91 -1.57 -1.47 -1.27 -1.24 -0.25 -1.15 0.52 1
0.71 0.46 0.01 0.01 0.15 0.52 0.16 0.27 0.59 0.35 -1.06 1.03 0
1.34 1.19 0.16 0.44 0.23 0.09 0.58 0.53 0.71 0.46 -1.06 1.12 0
-0.25 -0.58 -0.69 -0.76 -0.52 -0.75 -0.31 0.03 -0.22 -0.1 -0.15 0.89 1
0.8 0.34 0.05 -0.1 1.17 1.37 1.47 1.67 2.12 1.88 0.02 1.59 0
0.08 -0.17 -0.29 -0.26 0.15 0.54 0.19 0.72 0.8 0.34 0.37 1.05 0
0.79 0.03 -0.2 -0.24 0.08 -0.17 -0.29 -0.26 0.15 0.54 -1.11 0.98 1
0.92 0.92 0.11 0.65 0.76 1.88 1.68 1.61 1.22 1.16 -1.06 1.29 0
0.69 0.62 0.49 0.56 0.81 1.19 0.92 0.92 0.11 0.65 -1.15 1.35 1
2.2 0.71 0.75 1.03 0.76 1.13 1.27 0.92 0.69 0.62 -1.11 1.36 1
2.14 1.8 1.38 1.32 1.84 2.47 2.9 2.82 2.53 2.34 -1.06 1.83 0
0.44 0.57 0.09 0.03 0.82 0.65 1.04 0.8 0.98 1.34 -0.41 1.37 0
-1.01 -1.19 -1.87 -1.66 -2.4 -0.58 -0.34 -0.73 -0.55 -0.71 -0.85 0.4 1
-0.06 -0.1 -0.5 -0.12 -0.28 -0.19 -0.04 -0.21 0.07 0.34 -0.24 0.88 0
0.41 0.26 -0.65 -0.62 -0.62 -0.06 -0.1 -0.5 -0.12 -0.28 -1.06 0.8 0
-0.24 -0.61 -1.15 -0.98 -0.85 -0.58 -0.05 -0.66 -0.37 -0.3 -1.11 0.72 0
-1.43 -1.39 -1.88 -1.8 -2.74 -2.47 -2.35 -2.33 -2.21 -1.03 -1.06 0.01 0
-1.38 -1.38 -2.14 -2.11 -2.37 -1.86 -1.69 -1.5 -1.73 -1.66 -1.06 0.06 0
-0.38 -0.74 -1.12 -0.94 -1.21 -1.05 -1.67 -1.37 -2.59 -2.12 -0.8 0.17 1
0.58 0.54 0.39 0.35 0.46 0.36 0.36 1.12 1.36 1.32 0.54 1.39 0
1.21 0.73 -0.09 0.17 0.26 0.58 0.54 0.39 0.35 0.46 -1.06 1.17 1
1.49 1.37 1.01 1.43 1.76 2.05 1.7 1.74 1.69 1.49 -1.06 1.57 1
2.03 1.66 1.25 2.03 1.68 1.65 1.59 1.3 2.01 2.09 -1.11 1.83 0
0.09 -0.02 -0.2 -0.5 -0.37 -0.12 0.37 0.34 0.31 0.42 -1.15 1.04 0
-0.18 -0.38 -0.84 -1.07 -1.13 -0.52 -0.5 0.06 -0.05 -0.44 -1.11 0.77 0
-0.59 -1.09 -1.3 -1.24 -1.22 -1.82 -1.11 -1.17 -0.67 -0.18 -1.11 0.4 0
-0.14 -0.31 -0.9 -0.86 -1.01 -0.51 -0.73 -0.77 -0.55 -0.49 -1.06 0.58 0
0.85 0.24 -0.24 -0.5 -0.02 -0.63 -0.56 -0.39 -0.2 -0.2 -1.06 0.93 0
0.67 0.33 0.17 0.11 0.11 0.85 0.24 -0.24 -0.5 -0.02 -0.85 0.89 0
0.61 0.2 -0.1 -0.29 0.3 0.45 0.82 0.67 0.33 0.17 -1.11 1.05 0
0.79 0.35 -0.51 -0.18 -0.47 -0.9 -0.2 0.22 0.07 0.61 -1.06 0.9 1
0.18 0.41 -0.37 0.06 -0.22 -0.28 -0.16 0.15 0.43 0.94 0.15 1.2 0
0.68 0.63 -0.05 0.14 0.17 0.28 0.04 0.47 0.02 0.18 -1.06 0.98 0
-0.07 -0.29 -0.61 -0.8 -0.69 -0.03 -0.08 0.17 0.32 0.54 -1.15 0.94 0
0.07 -0.29 -0.66 -0.73 -0.69 -0.1 0.42 0.9 0.7 0.76 -0.54 0.97 0
-0.79 -0.71 -1.32 -1.29 -1.13 -1.41 -1.88 -1.69 0.07 -0.29 -1.06 0.44 0
0.24 0.08 -0.64 -0.61 -0.4 0.07 -0.8 -0.46 -1.13 -1.19 -0.76 0.57 1
1.67 1.37 1.04 1.21 1.05 1 1.91 2.01 1.97 1.97 -1.11 1.69 0
1.2 1.2 0.53 0.83 0.52 0.33 0.53 0.6 1.67 1.37 -1.06 1.36 0
0.89 0.8 0.03 0.25 1.3 0.88 1.2 1.2 0.53 0.83 -1.06 1.24 0
0.1 0.04 -0.25 -0.01 0.24 0.09 -0.18 0.24 0.79 0.97 -0.59 1.07 0
-0.22 -0.74 -2.32 -2.14 -2.55 -2.19 -1.73 -0.9 -0.43 -0.56 -1.06 0.3 0
0.15 0 -0.26 -0.24 -0.58 -0.38 -0.72 -0.08 -0.22 -0.74 -0.72 0.45 0
-0.29 -0.56 -1.11 -0.7 -0.61 0.1 -0.12 0.15 0 -0.26 -1.11 0.7 1
1.26 0.58 0.52 0.52 0.44 0.79 0.47 0.35 0.94 0.39 -0.5 1.11 0
0.95 0.39 -0.09 -0.65 -0.58 -0.48 0.25 -0.01 -0.21 0.57 -1.06 1.04 0
0.67 0.36 -0.42 -0.63 -0.3 0.13 0.53 0.95 0.39 -0.09 -1.06 0.89 0
0.06 0.17 -0.47 -0.19 0.07 -0.67 -0.32 0.05 0.2 1.02 -1.15 0.96 1
0.31 0.45 0.2 -0.11 0.43 0.57 0.41 0.41 0.09 0.06 -1.02 0.98 0
0.84 0.43 0.04 -0.05 0.31 0.15 0.33 0.4 0.31 0.45 -1.06 1.04 0
-0.25 -0.61 -1.99 -1.73 -1.4 -0.64 -0.58 -0.43 -0.28 -0.09 -1.11 0.65 1
0.68 0.39 -0.09 0.51 0.77 1.1 0.95 0.44 0.28 0.75 -1.11 1.16 0
0.27 0.39 0.09 -0.02 0.01 0.07 -0.02 -0.21 -0.3 -0.04 -1.06 0.95 0
-0.06 -0.38 -0.85 -0.73 -0.48 -0.59 -1.29 -0.76 -0.88 -0.76 -1.11 0.69 0
0.13 0.25 -0.17 -0.1 -0.22 0.15 0.18 -0.22 0.1 -0.12 -0.67 0.82 1
1.62 1.24 0.78 1.19 1.46 1.46 1.51 1.6 0.91 0.51 -0.19 1.36 1
0.5 -0.1 -1.1 -0.93 -1.18 -0.91 -0.49 -0.28 0.04 0.33 -1.11 0.87 0
0.13 0.54 -0.73 -0.88 -0.67 -0.96 -0.09 -0.05 0.02 0.02 -1.06 0.88 1
0.9 0.95 0.81 0.67 1.26 0.86 1 0.83 1.34 1.7 0.02 1.51 0
-0.69 -0.82 -1.73 -1.35 -1.45 -0.93 -0.93 -0.46 -0.09 0.57 -0.63 0.79 0
-0.79 -0.79 -0.88 -0.69 -0.82 -1.73 -1.35 -1.45 -0.93 -0.93 -0.5 0.59 0
-1.66 -1.69 -2.65 -2.48 -2.43 -2.89 -2.82 -2.8 -2.73 -2.38 -1.06 -0.35 0
-0.77 -0.93 -1.43 -1.9 -1.85 -1.44 -1.22 -1.61 -0.88 -0.81 -1.02 0.18 1
0.29 0.12 0.06 -0.3 0.13 0.05 0.36 0.56 0.23 0.13 -1.06 0.95 0
0.3 0.01 -0.48 -0.18 0.03 0.33 0.53 0.29 0.12 0.06 -1.11 0.94 1
1.08 1.56 0.79 0.76 1.25 1.13 1.31 1.44 1.37 1.25 -1.06 1.44 0
1.23 0.43 0.24 -0.17 0.13 0.05 0.11 0.47 0.58 0.42 -1.11 1.17 1
1.5 1.81 0.78 0.62 1.2 1.53 1.97 1.92 1.75 1.38 -1.06 1.61 1
0.33 -0.06 -0.34 -0.26 -0.15 -0.13 0.23 0.62 0.62 1.05 -0.63 1.15 1
0.67 0.87 0.4 0.6 0.28 0.2 0.27 0.34 0.4 1.11 -1.06 1.22 1
1.15 1.15 0.46 0.73 0.87 1.24 1.15 0.9 1.03 1.76 -0.06 1.59 0
-1.14 -1.14 -1.84 -2.08 -1.97 -1.66 -0.98 -1.11 -1.61 -1.13 -1.11 0.31 0
-0.59 -1.03 -1.27 -1.21 -1.16 -1.05 -1.4 -1.29 -1.69 -1.34 -1.06 0.28 0
-0.76 -1.06 -2.18 -1.99 -1.96 -2.11 -2.05 -2.05 -1.82 -1.43 -1.06 0.1 0
-0.66 -0.85 -1.65 -1.8 -2.04 -2.11 -1.88 -1.75 -1.37 -1.34 -1.06 0.19 0
-0.21 -0.9 -1.13 -1.83 -1.83 -1.78 -1.53 -1.3 -1.07 -0.65 -1.11 0.43 0
-0.84 -0.79 -1.09 -0.8 -0.87 -0.75 -0.67 -0.59 -0.82 -0.65 -1.06 0.51 0
-0.43 -0.56 -1.33 -1.14 -1.37 -0.91 -0.69 -0.6 -0.6 -0.66 -1.06 0.44 0
-1.67 -1.8 -2.46 -3.04 -3.03 -2.99 -2.57 -2.28 -1.87 -1.75 -1.06 -0.15 1
0.31 0.04 -0.53 -0.65 -0.52 -0.36 -0.12 -0.04 0.18 -0.6 -0.41 0.71 0
0.19 0 -0.42 -0.26 -0.13 -0.4 0.38 0.84 0.63 0.45 -1.11 0.94 0
0.47 0.19 -0.53 -0.61 -1.09 -0.79 -1.17 -0.75 -0.31 -0.52 -1.02 0.66 1
0.94 0.79 0.43 0.43 0.61 0.74 1.01 0.47 0.19 -0.53 -0.72 0.94 1
1.24 1.24 1.07 1.22 1.8 1.75 1.53 1.68 1.56 1.65 -1.15 1.59 1
1.2 1.58 0.96 0.96 1.52 1.8 2.09 2.38 1.24 1.24 -1.06 1.63 0
-0.56 -1.11 -1.11 -1.76 -1.54 -1.13 -0.6 -1 -0.92 -1.56 -1.02 0.33 0
-0.67 -0.92 -1.89 -1.7 -2.2 -1.62 -1.47 -1.22 -1.09 -1.01 -1.06 0.28 1
0.11 -0.04 -0.35 -0.08 -0.14 -0.14 -0.12 -0.37 -0.63 -0.59 -0.59 0.66 0
0.34 -0.01 -0.22 -0.09 -0.05 -0.13 0.14 0.11 -0.04 -0.35 -1.06 0.86 0
0.38 0.3 -0.76 -0.48 -0.14 -0.1 0.03 0.11 0.11 0.34 -1.06 0.87 1
1.1 1 0.72 0.67 1.51 1.34 1.94 1.72 1.95 1.66 -1.15 1.53 1
0.1 0.17 0.1 -0.04 -0.1 -0.17 0.46 0.16 -0.16 0.37 -0.41 0.95 0
0.06 -0.05 -1.21 -0.89 -1.93 -1.37 -0.59 -0.93 -0.8 0.01 -1.06 0.59 0
-1.12 -1.18 -1.58 -1.88 -1.64 -2 -1.48 -1.46 -1.23 -0.64 -0.59 0.34 0
-0.76 -0.99 -1.39 -1.32 -1.05 -1.61 -1.51 -1.29 -1.45 -1.24 -1.06 0.27 0
-0.1 -0.65 -0.91 -0.7 -0.43 -0.32 -0.96 -0.76 -0.76 -0.99 -0.72 0.46 1
1.11 0.78 0.24 -0.06 0.22 0.71 1.55 0.96 1.04 0.68 -1.06 1.24 0
0.08 -0.32 -0.63 -0.42 -0.93 -0.89 -1.08 -1.53 -0.34 0.53 -1.11 0.79 0
0.21 0.09 -0.46 -0.27 -0.07 0.08 -0.32 -0.63 -0.42 -0.93 -1.06 0.66 0
0.71 0.26 -0.63 -0.26 0.21 0.09 -0.46 -0.27 -0.07 0.08 -1.06 0.8 0
0.2 -0.12 -0.46 -0.31 -0.26 -0.12 0.18 0.62 0.67 0.67 -1.11 0.98 0
-0.29 -0.29 -1.17 -1.07 -1.03 -0.85 -1.6 -1.37 -0.92 -0.82 -1.06 0.47 1
0.78 0.51 0.29 0.18 0.28 0.67 1.09 1.49 1.41 1.05 -1.11 1.27 0
-0.09 -0.3 -0.74 -0.74 -0.3 -0.62 -0.73 -0.45 -0.65 -0.52 -1.06 0.69 1
2.28 1.01 0.84 1.3 1.15 1.15 1.37 1.81 0.8 0.39 -0.45 1.37 1
1.13 0.57 0.09 0.23 0.81 0.62 0.5 0.17 0.91 1.44 -1.11 1.33 0
0.16 -0.04 -0.53 -0.02 -0.47 -0.17 0.01 -0.28 0.23 -0.22 -1.06 0.8 0
0.72 -0.09 -0.83 -0.46 -0.34 0.22 0.29 0.16 -0.04 -0.53 -1.06 0.83 0
-0.13 0.01 -0.32 -0.58 -0.27 -0.2 -0.08 0.05 0.17 0.35 -1.15 0.87 0
0.21 0.46 -0.34 -0.44 -0.23 -0.41 -0.6 -0.04 -0.13 0.01 -1.06 0.79 0
0.63 0.27 0.27 -0.2 -0.12 0.39 0.02 0.29 0.37 0.21 -1.02 0.95 1
1.1 0.01 -0.77 0.06 0.06 0.17 -0.28 -0.4 0.06 0.49 -1.11 1.01 1
0.09 0.16 -1.52 -1.48 -1.39 -1.15 -0.95 -1.23 -1.52 -1.12 -1.06 0.38 0
0.13 0.45 0.07 -0.14 0.36 0.09 0.16 -1.52 -1.48 -1.39 -0.85 0.6 1
1.57 1.2 0.15 0.62 0.28 0.86 0.93 1.2 0.97 0.13 -1.06 1.2 0
0.66 0.5 0.44 0.67 0.79 0.74 0.96 1.29 1.57 1.2 -0.72 1.27 1
0.76 0.53 0.66 0.5 0.44 0.67 0.79 0.74 0.96 1.29 -0.63 1.28 0
-0.31 -0.69 -0.74 -0.9 -1.77 -0.94 -0.74 -0.11 0.12 0.76 -1.15 0.78 1
0.98 0.5 0.2 0.39 0.27 0.38 0.23 0.54 0.5 0.7 -0.5 1.07 1
0.64 0.17 -0.29 -0.58 -0.14 -0.14 0.01 -0.34 -0.2 -0.28 -1.06 0.93 0
-0.08 -0.08 -0.48 -0.4 -0.87 0.21 -0.18 -0.01 0.92 0.74 -0.28 1 1
0.05 -0.22 -0.55 -0.96 -0.46 -0.2 -0.72 0.19 0.35 1.06 -0.15 1.09 0
0.37 -0.14 -0.31 -0.18 -0.73 -0.58 -0.39 -0.06 -0.11 0.05 -0.98 0.74 1
0.56 0.17 -0.35 -0.39 -0.22 0.24 0.44 0.01 0.26 0.17 -1.11 0.98 1
1.37 1.06 0.57 0.62 0.83 1.32 1.02 0.52 0.45 0.14 -0.67 1.22 0
0.41 0.28 -0.16 0.08 0.51 0.35 0.7 0.99 1.08 1.37 -1.15 1.2 1
-1.59 -2.09 -2.76 -2.74 -3.13 -3.1 -1.86 -1.46 -1.4 -1.22 -1.11 -0.05 1
-0.44 -0.62 -1.13 -1.48 -1.2 -1.07 -1.2 -0.81 -1.03 -0.98 -1.02 0.38 0
-0.15 -0.35 -0.52 -0.85 -0.47 -0.38 -0.35 -0.07 -0.01 -0.01 -1.02 0.69 1
0.46 0.15 -0.13 0.22 0.27 0.63 0.79 0.75 0.63 0.43 -1.11 1.09 0
0.45 0.23 -0.32 -0.52 -0.23 0.52 1.17 1.5 1.21 0.81 -1.15 1.13 1
0.6 0.43 0.13 -0.25 0.14 0.66 0.87 1.31 1.07 1.02 -0.59 1.22 0
-0.03 -0.21 -0.99 -1.51 -1.08 -1.33 -0.87 -0.2 0.6 0.43 -1.06 0.73 1
0.08 -0.09 -0.48 0.21 -0.08 -0.12 0 0.88 1.04 0.99 0.33 1.17 0
0.24 -0.13 -0.35 -0.03 0.4 -0.53 0.27 -0.51 -0.2 0.18 -1.11 0.89 1
2.14 1.47 0.56 0.56 0.62 0.73 0.69 0.79 0.84 0.98 -1.06 1.37 1
0.84 0.84 0.45 0.27 0.09 0.26 0.37 0.59 0.59 0.74 -1.11 1.29 1
0 -0.08 -0.49 -0.8 -0.52 0.02 -0.67 0.42 0.47 0.84 -0.37 1.06 0
0.12 -0.03 -0.22 0.02 0.22 -0.18 0.28 0.1 -0.04 0 -1.06 0.83 0
-0.3 -0.76 -0.66 -0.81 -1.19 -1.19 -1.08 -1.01 -0.75 -0.08 -1.11 0.61 0
-0.4 -0.32 -1.12 -0.94 -0.9 -0.64 -1.57 -1.12 -1.08 -0.3 -1.06 0.47 1
-0.64 -0.41 -1.29 -1.38 -1.27 -0.98 -0.81 -0.75 -0.5 0.67 -1.15 0.8 1
0.15 0.02 -0.83 -0.96 -0.69 -1.1 -0.75 -1.22 -1.13 -1.22 -1.06 0.58 1
0.76 0.22 0.12 0.36 0.47 0.33 0.82 0.82 0.59 0.64 -1.11 1.2 1
-0.01 -0.53 -0.49 -0.68 -0.56 -1.18 -0.14 0.08 -0.39 0.32 -1.11 0.8 0
-0.12 -0.72 -0.43 -0.43 -0.56 -0.52 0.03 0.08 0.08 0.08 -1.11 0.74 1
0.14 0.21 -0.09 0.04 -0.26 0.12 0.12 0.32 0.26 0.63 -1.06 1 0
-0.41 -0.73 -1.06 -0.92 0.14 0.21 -0.09 0.04 -0.26 0.12 -0.89 0.83 0
0.23 0.12 -0.55 -0.94 -1 0.29 -0.05 0.26 -0.47 -0.41 -1.06 0.71 0
0.57 0.42 -0.19 0.23 0.53 0.65 0.28 0.23 0.12 -0.55 -1.06 0.91 1
1.04 0.68 0.28 0.28 0.58 0.76 0.56 1.18 1.01 0.87 -1.11 1.33 1
1.17 0.91 0.68 0.68 0.88 1.21 1.64 1.4 1.04 0.68 -1.06 1.33 1
0.49 0.08 -0.18 -0.12 0.08 0.59 0.71 0.88 1 0.66 -1.15 1.19 0
-0.89 -1.29 -1.29 -1.56 -1.76 -1.28 -0.72 -0.25 -0.14 -0.53 -1.15 0.54 0
-0.23 -0.14 -0.64 -0.52 -0.2 -0.96 -0.43 -0.69 -0.89 -1.29 -0.93 0.47 1
-0.01 -0.6 -1 -1.35 -0.91 -0.82 -0.66 -0.99 -1.05 -0.95 -1.06 0.51 1
-0.27 -0.06 -0.8 -0.71 -0.31 0.3 0.53 0.81 0.66 0.55 -1.15 1.04 1
1.98 1.29 0.53 0.88 0.75 0.95 0.58 0.68 0.26 1.08 -1.06 1.41 1
1.85 1.56 1.33 1.33 1.66 1.93 1.42 1.53 1.76 1.53 -1.11 1.74 0
0.95 0.8 0.34 0.12 0.56 0.67 0.86 1.35 1.7 1.41 -0.76 1.45 1
-0.03 -0.45 -1.12 -0.93 -0.78 -0.76 -0.84 -0.4 -0.65 -1.09 -1.06 0.46 0
0.5 0 -0.6 -0.65 -0.65 -0.21 -0.57 -0.57 -0.57 -0.21 -1.06 0.8 0
0.26 0.2 0.25 0.5 0.5 0 -0.6 -0.65 -0.65 -0.21 -0.89 0.81 1
1.05 0.92 0.39 0.45 0.96 0.92 0.56 0.9 0.59 1.25 -1.06 1.24 0
0.41 0.11 0.41 -0.16 0.18 0.99 1.05 0.92 0.39 0.45 -1.15 1.18 1
1.84 1.67 1.95 1.53 1.64 2.49 2.36 2.12 2.01 1.74 -1.11 1.78 0
1.89 1.6 1.14 1.29 1.84 1.67 1.95 1.53 1.64 2.49 -1.11 1.79 1
0 -0.13 -0.38 -0.45 -0.36 -0.85 -0.73 -0.79 -0.61 -0.27 -1.06 0.7 0
1.05 0.53 -0.1 -0.51 0.79 0.95 0.95 0.07 0.38 0.46 -1.06 1.08 1
2.11 1.72 1.41 1.7 2.58 2.38 2.04 2.31 2.25 2.15 -1.11 1.92 0
-0.69 -0.81 -1.61 -1.22 -1.52 -1.17 -1.4 -1.37 -1.16 -0.83 -1.06 0.37 0
-0.08 -0.45 -0.53 -0.43 -0.5 -0.7 -0.33 -0.13 -0.04 -0.45 -0.54 0.68 0
0.06 -0.19 -0.84 -0.32 -0.08 -0.45 -0.53 -0.43 -0.5 -0.7 -1.06 0.71 0
0.49 0.32 -1.1 -0.79 -0.86 -1.49 -0.88 -0.79 -0.56 -1.07 -1.06 0.55 0
-0.71 -1.24 -1.24 -1.9 -1.1 -0.92 -0.8 -1.16 -0.4 -0.68 -1.15 0.57 1
0.95 0.82 0.02 0.1 -0.25 0.34 1.51 1.64 1.64 2.34 0.28 1.52 0
1.2 0.83 0.6 0.73 1.15 0.95 0.82 0.02 0.1 -0.25 -1.11 1.29 0
-0.07 -0.17 -0.78 -0.75 -0.85 -1 -0.81 -0.34 -0.52 -0.46 -1.06 0.65 1
-1.04 -1.36 -1.8 -2.15 -1.98 -1.78 -1.65 -1.65 -1.29 -1.24 -1.06 0.14 0
-0.44 -1.08 -1.95 -1.6 -1.37 -0.93 -1.04 -1.36 -1.8 -2.15 -1.06 0.15 1
0.44 0.69 0.05 0.11 0.47 -0.02 0.41 0.82 0.65 0.48 -0.59 0.91 0
-0.22 -0.17 -0.66 -0.46 0.09 -0.11 -0.17 -0.12 -0.3 0.44 -1.15 0.88 0
-0.47 -0.4 -0.93 -1.05 -0.99 -1.19 -1.09 -0.88 -1.26 -1.22 -1.02 0.42 0
-1 -1.34 -1.18 -1.81 -1.73 -2.49 -2.27 -2.35 -1.76 -1.58 -1.02 0.1 0
-0.21 -0.33 -1.22 -1.08 -0.54 -0.54 -1 -1 -1.34 -1.18 -0.72 0.29 0
-0.43 -0.54 -1.2 -1.32 -1.15 -0.85 -0.23 0.38 0.08 -0.44 -1.06 0.59 1
0.47 0.36 -0.06 -0.14 0.73 1 0.58 0.09 0.52 -0.06 -0.54 0.97 0
0.26 0.31 0.17 0.26 0.43 0.47 0.36 -0.06 -0.14 0.73 -0.32 1.07 0
0.21 0.31 -0.22 -0.03 0.2 -0.05 0.04 0.17 -0.21 -0.68 -1.06 0.91 0
0.25 0.37 0.03 -0.02 0.12 0.76 0.47 0.21 0.31 -0.22 -1.06 0.98 0
1.09 0.49 0.3 0.17 0.05 -0.07 0.14 0.71 0.77 0.95 -1.06 1.08 0
0.35 0.07 -0.4 -0.87 -0.69 -0.5 -0.78 -0.44 -0.37 -1.04 -1.02 0.62 0
0.57 0.61 0.04 0.12 0.58 0.22 0.86 0.35 0.07 -0.4 -0.72 0.9 1
-0.43 -0.36 -1.2 -0.85 -0.85 0.44 0.34 0.34 0.24 0.98 0.67 1 0
-0.06 0.08 -0.62 -1.24 -0.99 -0.8 -0.43 -0.36 -1.2 -0.85 -1.06 0.67 0
0.34 0.26 -0.13 -0.31 0.14 0.39 0.1 -0.06 0.08 -0.62 -0.76 0.77 0
-0.07 0.02 -0.38 -0.1 -0.63 -0.55 -0.45 -0.41 0.43 0.34 -1.06 0.83 0
-0.72 -1.48 -2.38 -3.11 -2.73 -2.71 -2.65 -2.45 -2.45 -2.17 -1.06 -0.07 1
0.07 -0.08 -1.08 -0.83 -0.83 -0.69 -0.8 -0.7 -0.4 -0.69 -1.06 0.63 0
0.33 0.1 -0.27 -0.46 -0.32 -0.19 0.26 -0.07 0.13 0.02 -1.02 0.81 0
-0.09 -0.49 -0.81 -0.81 -0.75 -0.51 -0.38 -0.25 -0.06 0.06 -1.11 0.71 0
0.03 -0.05 -0.94 -0.94 -0.53 -0.81 -1 -0.09 -0.49 -0.81 -1.06 0.6 0
0.43 -0.83 -1.59 -1.45 -0.86 -0.86 -0.79 -0.46 -0.25 -0.25 -1.11 0.58 0
-0.09 -0.33 -0.74 -1.2 -0.52 -0.52 -0.8 -0.69 -0.19 0.17 -1.06 0.75 1
1.47 1.66 1.45 1.2 1.5 1.29 1.4 2 1.46 2.17 -0.67 1.77 1
1.66 1.62 1.53 2.21 1.94 1.47 2.12 1.99 1.93 1.7 -0.93 1.75 0
1.28 1.05 0.81 1 1.33 1.4 1.66 1.62 1.53 2.21 -0.67 1.66 1
1.74 1.61 1.04 1.54 1.39 1.24 2.19 2.07 1.78 1.85 -1.06 1.7 0
-0.14 0.04 -0.49 -0.66 -0.5 -1.08 -0.65 2.64 2.23 2.88 0.15 1.49 1
0.4 0.4 -0.38 0.12 -0.1 -0.05 -0.08 0.09 0.35 0.81 -1.06 1.06 0
0.22 -0.41 -0.8 -0.6 -0.74 -0.56 -0.4 -0.01 0.14 0.03 -1.11 0.88 0
0.07 0 -0.28 -0.57 -0.52 -0.33 -0.13 0.22 -0.41 -0.8 -1.02 0.71 0
-0.68 -1.06 -2.26 -1.68 -3.69 -2.34 -1.43 -1.31 -1.73 -1.7 -1.06 -0.04 0
-0.36 -0.36 -0.49 -0.64 -0.48 -0.4 -0.5 -0.36 -0.48 -0.56 -0.59 0.56 1
0.17 -0.14 -0.16 -0.24 -0.21 -0.09 -0.3 -0.3 -0.28 -0.28 -1.02 0.78 0
-0.21 -0.25 -0.47 -0.31 -0.43 -0.32 -0.18 -0.14 -0.1 0.27 -1.15 0.83 0
-0.13 -0.02 -0.7 -0.54 -0.34 -0.31 -0.31 -0.22 -0.05 -0.21 -1.06 0.74 0
-0.49 -0.3 -1.13 -0.86 -0.98 -0.71 -0.87 -0.71 -0.64 -0.38 -1.06 0.59 0
-0.83 -0.72 -1.49 -1.63 -1.34 -1.61 -1.28 -1.18 -1.25 -1.31 -1.06 0.36 0
-0.35 -1.12 -1.6 -1.35 -1.27 -1.27 -1.27 -1.11 -0.83 -0.72 -1.06 0.28 1
-0.2 -0.7 -1.51 -1.22 -1.1 -0.93 -1.01 -1.01 -0.86 -0.75 -1.06 0.43 0
-0.48 -0.39 -0.86 -1.08 -1.15 -0.49 -1.34 -0.89 -0.68 -0.63 -1.06 0.57 0
-0.27 -0.67 -1.12 -0.91 -0.55 -0.76 -0.48 -0.39 -0.86 -1.08 -1.06 0.5 1
0.48 0.13 -0.39 0.13 -0.29 0 -0.07 0.29 0.11 0.16 -1.06 0.8 1
1.96 1.8 1.76 1.37 1.29 1.54 1.8 2.4 2.08 1.99 -0.45 1.66 1
0.15 -0.08 -0.13 0.02 -0.42 -0.1 0.16 0.57 -0.01 0.24 0.67 1.1 0
0.3 -0.59 -0.96 -0.82 -1.34 -1.03 -1.94 -1.79 -1.47 -1.13 -0.98 0.39 0
-0.99 -1.41 -2.9 -2.39 -2.64 -1.74 -1.72 -1 -0.89 -0.39 -1.11 0.27 0
0.03 -0.42 -1.07 -1.71 -1.34 -1.29 -0.89 -1.05 -0.51 -0.6 -1.06 0.48 0
0.49 0.09 -0.52 -0.21 0.09 0.54 0.49 0.49 0.69 0.49 -1.06 0.95 0
0.24 0.17 0.1 -0.06 0.4 0.63 0.49 0.74 0.81 0.64 -0.54 1.1 0
-0.61 -0.38 -1.18 -1.13 -1.08 -1.35 -0.63 -0.25 -0.04 -0.56 -1.06 0.64 0
-0.07 -0.33 -1.39 -0.4 -0.04 0.54 0.11 0.06 -0.71 -0.68 -1.06 0.7 1
-0.07 -0.11 -0.43 -0.34 -0.46 -0.38 0.02 0.26 0.45 0.61 -0.32 1 0
-0.1 -0.21 -0.5 -0.37 -0.03 0.01 0.06 0.14 -0.21 -0.07 -1.11 0.8 0
0.03 -0.18 -0.25 -1.02 -0.78 -0.73 -0.48 -1.02 -0.63 -0.96 -1.02 0.63 0
0.12 0.23 -0.9 -0.66 -0.56 -0.41 -0.92 -0.54 0.17 0.03 -1.06 0.69 0
-0.39 -0.39 -1.43 -1.34 -0.39 -0.29 0.12 0.23 -0.9 -0.66 -1.06 0.61 1
0.22 0.01 -0.44 0.24 -0.24 0.02 -0.1 0.05 0 -0.39 -1.06 0.74 1
1.31 0.96 1.13 1.3 1.38 1.29 1.36 0.72 0.54 0.61 -0.41 1.35 0
1.42 1.15 0.76 0.86 0.62 0.82 1.01 0.8 0.8 0.88 -1.06 1.38 0
-1.67 -1.59 -2.31 -2.22 -2.04 -2.59 -2.49 -2.33 -2.05 -1.9 -1.06 0.02 0
-0.42 -0.34 -1.72 -1.56 -1 -0.96 -0.67 -0.99 -0.99 -0.31 -1.06 0.36 0
0.37 0.49 -0.71 -0.79 -1.01 -0.21 -0.03 -0.24 0.12 0.05 -1.06 0.77 1
1.45 1.01 1.01 0.81 0.68 1.49 1.8 1.75 1.66 1.46 -1.11 1.52 0
-0.95 -0.86 -1.45 -1.54 -1.62 -1.53 -1.08 -1.04 -1.42 -0.9 -1.15 0.5 1
-0.02 -0.19 -0.71 -0.19 -1.12 -1.62 -1.52 -1.17 -0.68 -0.8 -0.98 0.52 0
0.15 0.01 -1.5 -1.26 -1.1 -0.64 -0.37 -0.3 -0.02 -0.19 -1.06 0.57 1
0.78 0.46 -0.23 0.13 0.66 0.35 0.23 0.93 0.55 0.39 -1.11 1.25 0
0.98 0.76 0.69 0.31 0.99 1.3 0.95 1 1.1 0.7 -1.02 1.26 0
1.04 0.56 0.33 0.26 0.11 -0.04 0.22 0.57 0.72 0.42 -1.06 1.12 1
0.87 0.4 0.3 0.2 0.6 0.22 0.75 0.86 1.47 1.24 -0.37 1.47 0
-0.7 -1.35 -2.11 -1.74 -1.51 -1.51 -1.22 -0.63 -0.55 -0.79 -1.11 0.37 0
-0.24 -0.01 -0.97 -0.59 -0.59 -0.59 -0.91 -1.13 -0.77 -0.7 -0.85 0.42 0
0.07 0.07 -1 -0.78 -0.78 -1.01 -0.82 -0.47 -0.24 -0.01 -1.06 0.61 0
-0.36 -0.94 -2.13 -2.3 -1.94 -1.55 -2.02 -2.12 -1.53 -2.08 -1.06 -0.02 1
0.4 0.2 0.1 0.23 0.37 0.8 0.13 0.32 -0.36 -0.36 -0.67 0.69 0
0.21 0.28 -0.01 -0.01 0.05 -0.08 0.26 1.32 1.22 1.17 -0.06 1.15 0
-0.5 -0.86 -1.04 -1.33 -1.04 -0.95 -0.8 -0.88 -1.38 -0.16 -1.11 0.59 1
-0.83 -0.62 -1.48 -1.78 -1.55 -1.16 -2.29 -2.13 -1.94 -2.01 -1.06 0.14 0
-0.8 -0.66 -1.65 -1.49 -1.6 -1.03 -1.42 -1.26 -0.95 -0.83 -1.06 0.28 1
0.95 0.54 0.16 0.03 -0.01 0.37 1.25 0.77 0.56 0.7 -1.06 1.15 0
1.07 0.62 -0.45 0.07 -0.17 -0.11 -0.33 -0.1 0.02 0.85 -1.06 1.03 0
0.65 0 -0.31 -0.17 -0.28 0.45 0.28 0.51 1.07 0.62 -1.11 0.97 0
-0.27 -0.36 -0.83 -0.68 -0.68 -1.18 -0.6 -0.02 -0.74 -1.04 -1.06 0.68 1
0.07 -0.33 -0.51 -0.31 0.16 0.08 0 -0.08 0.68 0.88 -1.11 0.88 1
0.94 0.86 0.75 0.56 0.51 0.91 1.13 0.89 1.07 1.67 0.15 1.55 0
0.53 0.76 0.08 0.26 0.26 0.34 0.55 0.13 0.24 0.35 -1.06 1.13 0
0.8 1.01 0.39 0.53 0.73 0.53 0.76 0.08 0.26 0.26 -0.85 1.13 0
0.21 0.05 -0.56 -0.75 -0.33 0.08 0.8 1.01 0.39 0.53 -0.59 1.02 0
-0.28 -0.66 -1.44 -0.85 -1.04 -0.43 -0.26 0.21 0.21 0.05 -1.11 0.67 0
-0.25 -0.67 -1.58 -1.45 -1.97 -1.78 -1.44 -1.01 -1.15 -0.84 -1.06 0.39 0
0.13 -0.2 -0.41 -0.26 -0.77 -0.16 -0.25 0.4 -0.13 -0.22 -1.11 0.8 0
0.22 -0.01 0.03 -0.24 -0.29 0.23 -0.02 0.13 -0.2 -0.41 -1.02 0.82 0
0.38 0.31 0.06 0 -0.12 -0.08 0.17 0.27 0.22 -0.01 -1.02 0.92 0
0.28 -0.04 -0.69 -0.48 -0.15 -0.36 -0.14 0.57 0.38 0.31 -1.06 0.87 0
1.47 -0.08 -0.08 -0.34 -0.21 -0.37 -0.31 -0.31 0.42 0.08 -1.11 0.96 0
1.14 0.68 0.18 0.39 1.47 -0.08 -0.08 -0.34 -0.21 -0.37 -0.93 0.99 0
-0.33 -1.05 -1.92 -1.96 -1.85 -1.96 -2.26 -1.83 -1.67 -1.54 -1.06 0.23 1
-0.34 -0.59 -1.36 -0.93 -0.66 -0.31 -0.74 -0.28 0 0.18 -1.11 0.72 0
-0.05 -0.43 -1.07 -1.04 -0.79 -0.93 -0.66 -0.51 -0.95 -0.59 -1.06 0.59 0
-0.43 -0.95 -1.53 -1.5 -1.19 -1.04 -0.93 -1.24 -1 -0.88 -1.11 0.49 0
-0.07 -0.77 -1.36 -1.75 -1.73 -1.46 -1 -1 -0.54 -0.34 -1.06 0.46 0
0.07 -0.34 -0.74 -0.74 -0.9 -0.64 -0.8 -0.8 -0.29 -0.07 -1.11 0.77 1
0.68 1.04 0.22 0.5 1.31 0.99 1.05 0.68 1.19 1.31 -0.41 1.43 0
-0.15 -0.39 -1.2 -0.97 -0.74 -0.43 -0.64 -0.19 -1.01 -1.65 -1.06 0.57 0
0.62 -0.07 -1.07 -0.43 -0.2 -0.15 -0.39 -1.2 -0.97 -0.74 -1.06 0.65 0
-0.22 -0.2 -0.73 -0.92 -1.02 -0.72 -0.2 0.04 0.23 0.4 -1.06 0.78 1
0.24 0.02 -0.01 0.35 0.44 0.2 0.36 -0.22 -0.2 -0.73 -0.76 0.8 0
0.33 0.12 -0.14 -0.02 0.14 0.43 0.24 0.02 -0.01 0.35 -1.11 0.97 0
-0.27 -0.77 -1.37 -1.2 -1.3 -2.28 -1.48 -1.1 -0.36 0.07 -1.11 0.56 0
-0.71 -0.85 -0.83 -1.12 -1.3 -0.94 -0.84 -0.77 -0.61 -0.78 -1.11 0.47 1
0.84 0.88 0.6 0.4 1.14 0.97 0.71 0.47 1.06 0.65 -0.59 1.14 1
0.42 0.37 -0.23 -0.19 -0.34 0.09 0.29 0.46 0.31 0.35 -1.06 1.03 0
0.37 0.65 -0.86 -0.67 -0.54 -0.34 -0.76 -0.86 -0.6 -0.92 -1.06 0.71 0
0.34 -0.25 -0.13 -0.27 -0.24 -0.32 -0.32 -0.4 -0.29 0.37 -0.67 0.79 0
0.16 0.1 -0.48 -0.55 -0.55 -0.55 -0.39 -0.1 0.08 0.26 -1.06 0.81 0
-0.31 -0.18 -1.39 -1.5 -1.89 -1.22 -0.89 -1.69 -1.35 -1.14 -1.06 0.36 1
-0.02 -0.21 -0.59 -0.27 -0.72 -0.52 -0.34 -0.13 -0.26 0.09 -1.11 0.8 1
0.97 0.4 0.61 0.38 0.8 1.32 1.28 1.02 0.87 0.53 -1.11 1.27 0
0.56 0.44 0.39 0.44 0.34 0.66 0.38 0.76 0.93 1.4 -0.54 1.27 0
-0.16 -0.75 -1.43 -1.28 -1.13 -0.89 -0.72 -0.59 -0.46 0.31 -1.11 0.68 1
1.5 1.2 1.1 1.1 0.94 1.7 2.35 2.39 2.22 -0.16 -0.72 1.24 0
0.41 0.33 -0.17 -0.06 0.45 -0.2 0.46 1.12 1.08 1.19 0.02 1.24 1
1.31 1.04 0.75 0.43 1.02 1.18 1.51 2.7 2.79 2.68 -0.41 1.92 1
1.61 1.47 1 1.88 1.53 1.56 1.53 1.46 1.82 2.31 -0.19 1.85 0
0.01 0.09 -0.35 -0.35 -0.03 -0.01 -0.19 0.58 0.66 1.53 -0.67 1.2 0
0.04 0.16 -0.01 -0.25 -0.17 0.01 0.09 -0.35 -0.35 -0.03 -1.06 0.9 0
0.71 0.04 -0.5 -0.33 1.26 1.08 0.51 0.64 0.9 0.65 -1.11 1.11 0
-0.49 -0.58 -1.79 -1.76 -2.05 -1.88 -1.54 -1.54 -1.33 -1.32 -1.06 0.26 1
0.2 0.3 0.04 0.02 0.05 0.31 -0.05 -0.07 -0.31 -0.38 -0.59 0.78 1
-0.06 0.12 -0.43 -0.66 -0.16 -0.21 -0.25 -0.45 -0.42 0.02 -1.06 0.8 0
-0.8 -0.86 -1.19 -1.24 -1.08 -0.83 -0.68 -0.44 -0.06 0.12 -0.72 0.59 0
-0.86 -0.97 -1.87 -1.69 -1.56 -1.26 -0.95 -0.77 -0.83 -1.06 -1.06 0.32 1
-1.89 -2.34 -2.74 -2.64 -2.64 -2.35 -2.09 -2.05 -1.85 -1.11 -0.02 -0.01 0
-1.5 -1.46 -2.53 -2.32 -2.31 -2.14 -2.09 -1.54 -2.22 -2.22 -1.06 -0.14 1
0.07 0.04 -0.67 -0.01 0.15 0.61 0.23 0.39 0.66 0.49 -0.37 0.95 0
-0.29 -0.43 -0.56 -0.65 -0.82 -0.5 -0.35 -0.39 -0.06 -0.45 -1.11 0.69 0
0.09 -0.55 -1.97 -1.74 -1.52 -1.58 -1.63 -1.32 -1.41 -0.43 -1.06 0.39 1
0.72 -0.08 -0.82 -1.14 -0.93 -0.5 -0.27 -0.14 -0.3 0.25 -1.06 0.86 0
0.17 0.12 -0.22 -0.42 -0.52 -0.24 0.24 0.75 0.72 -0.08 -1.02 0.79 1
0.83 1.05 1.01 0.71 0.96 0.82 1.48 1.76 1.62 1.72 -1.15 1.58 1
0.43 0.24 -0.49 -0.06 -0.26 -0.4 0.35 0.41 0.74 2.25 -1.15 1.18 1
-1.36 -1.57 -1.91 -2.23 -2.09 -1.64 -1.8 -1.66 -2.35 -1.92 -1.06 0.05 0
0.5 -0.52 -1.08 -1.02 -1.24 -0.66 -0.56 -0.65 -0.34 -0.28 -1.06 0.56 1
0.93 0.51 0.35 0.82 0.73 0.71 0.5 -0.52 -1.08 -1.02 -0.8 0.85 0
1.12 0.78 0.61 0.49 0.75 0.97 1.04 1.07 0.93 0.51 -1.06 1.28 0
-0.49 -0.29 -0.96 -1.14 -0.85 -0.85 -0.39 -0.19 -0.34 -0.48 -1.06 0.57 1
0.13 0.01 -0.3 -0.25 0.04 0.29 0.45 0.5 0.08 -0.12 -1.06 0.82 0
0.1 -0.24 -0.67 -0.8 -0.43 -0.8 0.38 0.31 0.85 0.63 -1.11 0.92 0
0.48 0.81 0.06 0.2 0.38 0.3 1.15 0.1 -0.08 0.36 -1.06 1.06 0
0.91 0.84 -0.54 0.52 0.47 0.42 0.57 0.21 0.17 0.48 -1.06 1.09 1
0.62 0.39 -0.04 0.02 0.18 0.29 -0.04 0.27 0.6 0.83 -1.11 1.14 0
0.93 0.5 -0.34 -0.29 -0.77 -0.44 0.12 0.12 0.75 0.19 -1.06 0.99 1
1.43 1.39 0.6 0.79 0.74 1.52 1.44 1.36 1.25 1.62 -0.19 1.63 0
1.1 0.87 0.63 0.44 0.73 0.87 0.76 0.89 0.8 1.04 -1.06 1.33 1
2.02 1.57 1.11 1.11 1.99 1.99 1.16 1.1 0.87 0.63 -0.76 1.47 0
0.22 0.17 -0.77 0.1 0.29 1.01 1.01 1.48 1.29 1.79 -0.72 1.35 0
0.33 -0.01 -0.25 0.21 0.38 0.22 0.17 -0.77 0.1 0.29 -0.5 1.09 0
0.29 0.56 -0.26 0.39 0.14 -0.02 -0.28 0.68 0.86 0.98 -1.15 1.11 1
0.53 0.49 0.22 0.4 0.58 0.92 0.7 0.29 0.56 -0.26 -1.06 1.06 0
-0.18 0.11 -0.93 -1.08 -0.31 -0.38 -0.22 -0.11 0 0.33 -1.15 0.91 0
-0.43 -0.79 -1.47 -1.67 -2.01 -2.01 -1.74 -1.26 -0.96 -1.41 -1.06 0.28 0
-0.31 -0.74 -0.94 -1.09 -1.04 -0.91 -0.57 -0.43 -0.79 -1.47 -0.76 0.33 0
-1.42 -1.32 -2.04 -1.89 -1.89 -1.91 -1.73 -1.6 -1.89 -2.56 -1.06 0.06 0
-0.91 -0.86 -1.27 -1.84 -1.52 -1.42 -1.32 -2.04 -1.89 -1.89 -1.02 0.1 0
-0.69 -1.03 -1.16 -1.07 -0.91 -0.86 -1.27 -1.84 -1.52 -1.42 -0.85 0.21 0
-0.78 -0.89 -1.39 -1.04 -1.26 -1.38 -1.01 -1.25 -1.15 -1.29 -1.06 0.34 0
0.3 -0.39 -0.77 -0.92 -0.5 -0.63 -0.55 -0.46 -0.76 -0.46 -1.02 0.57 1
0.86 0.56 0.4 0.2 0.66 0.84 0.97 1.33 0.83 0.5 -1.06 1.18 1
1.16 1.08 0.85 0.93 0.9 0.78 0.9 1.25 1.19 1.54 -0.06 1.53 0
1.11 0.74 0.59 0.63 0.75 1.16 1.08 0.85 0.93 0.9 -1.11 1.35 0
1.09 1.04 0.99 0.74 1 1.26 1.05 1.17 1.05 0.93 -1.02 1.4 0
1.07 0.67 0.34 0.72 1.29 1.25 0.85 0.52 1.09 1.04 -1.11 1.35 0
-0.07 -0.21 -0.57 -0.72 -0.32 -0.53 -0.6 -0.47 0.03 -0.28 -1.11 0.81 0
0.5 0.12 -0.31 -0.39 0.28 0.56 0.23 -0.12 0.27 0.13 -1.06 0.88 0
0.9 -0.04 -0.19 -0.13 0.23 0.5 0.12 -0.31 -0.39 0.28 -1.11 0.96 0
1.01 0.61 0.32 0.07 0.58 1.72 1.47 1.63 1.55 1.02 -1.11 1.32 0
0.63 0.63 0.16 0.74 -0.2 0.13 1.19 0.96 1.04 0.99 -1.15 1.21 1
0.79 0.9 0.7 0.85 0.44 0.58 1.08 0.82 1.02 1.28 -0.72 1.41 0
0.98 0.61 0.38 0.5 0.22 0.11 0.62 0.46 0.52 0.79 -1.06 1.18 0
0.79 0.66 0.4 0.2 0.47 0.28 0.69 0.63 0.52 0.98 -1.06 1.15 0
0.28 0.17 -0.24 0.01 -0.93 -0.19 -0.13 0.63 0.96 0.96 -1.11 1.03 0
-0.27 -0.27 -0.59 -0.41 0.09 -0.28 -0.47 -0.29 0.28 0.17 -1.15 0.77 1
0.35 0.76 -0.13 -0.05 0.02 0.17 0.25 0.03 -0.2 -0.2 -1.06 0.87 0
0.56 0.56 0.32 -0.09 0.06 0.37 0.53 0.77 0.35 0.76 -1.02 1.04 0
1.59 0.53 -0.22 -0.37 -0.2 0.7 0.19 0.51 0.21 0.53 -1.06 1.06 0
0.8 0.63 0.14 -0.11 1.06 1.47 1.17 1.13 0.81 0.81 -1.11 1.27 0
0.56 0.34 -0.21 0.21 0.52 0.79 0.57 0.39 0.91 1.08 -1.11 1.13 1
0.77 0.87 0.39 0.44 0.58 0.58 0.95 1.1 1.49 2.15 -1.15 1.38 0
0.33 0.54 -0.25 -0.18 0.29 -0.01 -0.08 -0.02 0.29 -0.04 -1.06 0.97 0
-1.32 -1.4 -2.11 -2.31 -2.07 -1.7 -1.17 -1.12 -0.97 -0.97 -1.15 0.26 0
-1.12 -1.23 -1.58 -1.58 -1.58 -1.32 -1.32 -1.32 -1.4 -2.11 -1.06 0.11 0
-0.55 -0.75 -2.45 -2.32 -2.18 -1.68 -1.12 -1.23 -1.58 -1.58 -1.06 0.14 0
-0.92 -0.77 -1.1 -1.26 -1.22 -0.94 -0.73 -0.55 -0.75 -2.45 -0.76 0.25 0
-0.51 -0.45 -0.81 -0.7 -0.97 -1.24 -1.1 -0.92 -0.77 -1.1 -0.45 0.44 0
0.38 0.06 -0.38 -0.25 -0.51 -0.25 -0.6 -0.48 -0.92 -0.16 -0.8 0.72 1
-1.44 -1.54 -2.24 -1.99 -1.68 -1.24 -1.18 -1.51 -0.82 -0.94 -1.15 0.28 0
-0.75 -0.91 -1.5 -1.35 -1.27 -0.79 -0.64 -0.26 -0.72 -1.44 -1.06 0.28 0
-0.47 -0.66 -0.75 -0.75 -0.59 -0.75 -0.91 -1.5 -1.35 -1.27 -0.85 0.48 0
-0.12 -0.21 -0.89 -0.56 -1.11 -0.92 -0.92 -0.39 -0.16 -0.08 -1.06 0.63 0
0.45 -0.27 -0.91 -1.47 -0.74 -0.23 -1.29 -1.16 -1.16 -0.97 -1.06 0.48 1
1.72 1.66 1.41 1.52 2.36 2.36 2.18 2.13 2 2 -0.15 1.79 0
1.59 1.11 0.79 1.25 1.25 1.72 1.66 1.41 1.52 2.36 -1.15 1.72 1
0.89 1.4 1.07 1.07 0.71 0.83 0.83 0.49 0.9 0.74 -1.06 1.39 0
0.29 -0.65 -1.3 -0.94 -0.05 -0.16 0.23 0.44 0.89 1.4 -1.11 1.03 0
0.36 0.03 -0.48 -0.72 -0.57 0.29 -0.65 -1.3 -0.94 -0.05 -1.06 0.8 0
0.52 0.38 0.01 0.22 -0.15 -0.09 0.1 0.36 0.03 -0.48 -0.76 0.86 1
0.89 0.7 0.36 0.67 0.47 0.41 0.22 0.54 0.67 1.02 -1.11 1.29 0
1.27 0.73 0.65 0.42 0.5 0.58 1.26 0.95 0.89 0.7 -1.02 1.24 0
1.26 0.66 0.08 -0.01 0.15 0.39 0.72 0.99 0.65 1.3 -1.11 1.26 0
0.35 -0.11 -0.42 -0.38 -0.1 0.26 -0.26 -0.38 0.22 -0.34 -1.11 0.87 0
0.28 0.09 -0.44 -0.05 -0.05 0.69 0.63 0.47 0.24 0.35 -1.06 0.93 0
-0.11 -0.58 -0.95 -0.48 -0.48 -0.38 -1 -0.79 -0.25 0.09 -1.11 0.71 0
-0.05 -0.46 -0.46 -0.16 -0.74 -0.74 -0.69 -0.64 -0.45 -0.8 -0.98 0.67 1
0.35 0.5 -0.45 -0.02 -0.1 0.45 0.29 1.14 0.67 0.1 -1.06 1.04 0
1.17 0.41 0.41 0.05 0.49 0.49 0.87 0.35 0.5 -0.45 -1.02 1.07 0
0.43 0.43 -0.17 -0.17 0.14 0.03 0.13 0.13 0.13 0.21 -1.06 0.95 1
1.33 0.96 1.2 0.82 0.68 1.43 1.49 1.62 1.45 1.97 -0.5 1.63 0
0.88 0.83 0.72 0.72 0.9 0.46 0.41 1.13 0.95 1.14 -1.15 1.33 0
1.48 1.2 0.16 -0.04 0.48 0.42 0.62 1.2 0.88 0.83 -1.06 1.25 0
-0.92 -1.37 -1.85 -1.75 -1.75 -1.75 -1.75 -1.54 -1.41 -1.55 -1.06 0.11 0
-0.3 -0.56 -1.43 -1.77 -1.67 -1.45 -1.27 -1.66 -0.92 -1.37 -1.02 0.19 1
-0.98 -2.26 -2.24 -2.37 -2.07 -1.82 -1.82 -2.01 -1.58 -1.44 -1.11 0.08 0
-0.57 -1.1 -1.58 -1.42 -1.14 -1.5 -1.56 -1.46 -0.98 -0.98 -0.72 0.13 0
-1.06 -1.38 -1.43 -1.54 -1.94 -1.36 -1.02 -0.67 -0.57 -1.1 -1.11 0.26 0
-1.4 -1.38 -1.87 -1.74 -2.36 -2.21 -2.51 -2.49 -2.05 -1.8 -1.06 0.02 1
0.21 0.21 -1.02 -1.39 -0.9 -0.83 -0.72 -0.42 -1 -0.86 -1.06 0.6 0
-0.68 -0.78 -1.2 -1.76 -1.69 -1.65 -1.09 -0.89 -0.86 -0.1 -1.06 0.48 1
0.17 -0.16 -0.67 -0.84 -0.53 -0.39 -0.28 0.14 0.58 0.29 -1.11 0.91 0
-0.25 -0.52 -2.36 -1.05 -0.85 -0.75 -1.13 -1.26 0.17 -0.16 -1.06 0.51 1
1.57 1.18 0.81 0.91 1.3 1.2 1.2 1.24 0.74 0.69 -0.45 1.37 1
1.13 1.13 0.84 1.03 0.82 1.07 1.73 1.6 1.54 1.3 -0.85 1.59 0
-0.35 -0.99 -1.35 -1.43 -0.92 -1.28 -1.26 -1.05 -0.64 -1.05 -1.06 0.39 1
0.01 0.21 -0.47 -0.31 0.03 -0.21 -0.18 -0.12 -0.09 -0.43 -0.63 0.69 0
-0.1 -0.35 -0.5 -0.25 -0.17 -0.06 0.01 0.21 -0.47 -0.31 -1.11 0.8 0
-1.15 -1.55 -2.02 -2.94 -2.7 -2.57 -1.72 -2.14 -2.14 -2.08 -1.06 -0.02 0
-0.95 -1.22 -1.57 -1.47 -1.3 -1.33 -1.72 -3.25 -2.02 -2.12 -0.85 -0.03 1
-0.56 -0.49 -0.71 -0.75 -0.83 -0.57 -0.45 -0.61 -0.68 -0.95 -0.45 0.46 1
-0.11 -0.38 -0.52 -0.92 -0.92 -0.39 -0.33 -0.31 -0.21 -0.1 -1.11 0.76 1
-0.62 -0.82 -1.48 -1.31 -1.04 -1.04 -0.77 -0.9 -0.67 -0.47 -1.11 0.52 0
-0.28 -0.49 -0.85 -0.92 -0.43 -0.33 -0.66 -0.17 0.17 0.35 -1.15 0.8 1
0.09 0.29 -0.21 -0.21 -0.21 -0.05 1.09 0.92 1.15 1.23 -0.54 1.18 0
0.16 -0.39 -1.27 -1.04 -1.76 -1.37 -0.91 -0.81 -0.3 -0.04 -1.06 0.61 0
-0.31 -0.77 -1.77 -2.1 -1.94 -2 -1.86 -1.67 -1.44 -0.86 -1.06 0.23 0
0.17 -0.18 -1.1 -1.1 -1.19 -0.84 -1.74 -1.6 -1.13 -1.34 -1.06 0.45 0
1.22 0.39 -0.92 -1 -0.54 -0.39 -0.31 -0.03 -0.82 -0.45 -1.06 0.83 0
0.64 0.02 -0.2 -0.17 -0.15 0.13 0.72 1.61 1.5 1.67 -0.5 1.26 1
0.87 0.6 0.02 -0.31 -0.18 0.01 -0.13 0.12 -0.07 -0.54 -1.06 0.94 0
0.25 0.07 -0.4 -0.04 -0.12 -0.01 0.39 0.08 0.54 -0.04 -1.15 1.04 0
0.4 0.51 0.16 0.35 0.49 0.7 0.25 0.07 -0.4 -0.04 -1.06 0.99 0
0.91 0.61 -0.26 -0.34 -0.41 -0.25 -0.38 -0.11 0.28 -0.05 -1.02 0.82 0
1.08 0.67 -0.11 -0.26 0.16 0.73 0.81 0.81 0.66 0.91 -1.06 1.07 1
1.65 1.29 1.22 1.61 1.49 1.3 1.21 1.35 1.9 2.11 -1.11 1.71 0
-0.02 0.16 -1.19 -1.77 -1.35 -0.54 -0.05 0.97 1.15 1.09 -1.15 0.98 1
0.82 0.66 -0.06 0.47 1.09 1.09 1.48 1.51 2.56 2.6 -0.45 1.55 1
1.54 1.42 1.17 1.06 1.06 1.06 1.09 1.37 1.84 1.4 -1.06 1.55 1
0.38 -0.02 -0.21 -0.39 -0.11 -0.6 -0.37 -0.33 0.2 -0.53 -1.02 0.75 1
1.01 1.18 0.56 0.96 0.64 0.4 0.85 1.21 1.9 2.21 -0.15 1.49 0
-0.25 -0.38 -0.83 -0.75 -1.46 -1.05 -0.84 -0.71 -0.53 -0.14 -1.11 0.71 0
-0.48 -0.55 -1.2 -1.36 -1.44 -1.4 -0.99 -1.27 -1.17 -0.49 -1.06 0.44 0
1.03 -0.01 -1 -0.44 -0.25 -0.87 -0.59 -0.18 -0.38 -0.12 -1.06 0.71 0
-0.01 -0.47 -0.7 -0.77 -0.59 -1.02 -0.52 0.05 -0.24 0.2 -1.11 0.82 1
-1.14 -1.2 -1.26 -1.98 -1.82 -1.61 -1.3 -1.26 -1.01 -0.54 -0.41 0.43 0
0.25 -0.94 -1.08 -1.22 -1.48 -1.14 -1.2 -1.26 -1.98 -1.82 -1.02 0.28 0
-0.09 0.13 -0.68 -0.8 -0.45 -0.56 -0.2 0.11 0.25 -0.94 -0.67 0.6 1
0.4 0.21 0.06 0.15 0.66 0.16 -0.09 0.13 -0.68 -0.8 -0.41 0.86 1
1.25 0.94 0.49 0.44 0.81 1.39 1.45 1.16 0.89 0.4 -1.06 1.26 1
0.78 0.9 0.47 0.15 0.15 0.74 1.04 0.91 0.91 0.87 -0.41 1.39 0
-0.65 -0.73 -1.4 -1.4 -1.16 -0.95 -0.86 -0.82 -0.41 0.01 0.24 0.62 0
0.01 0.13 -0.93 -1.4 -1.32 -0.93 -0.72 -0.49 -0.37 -0.78 -1.02 0.51 0
0.86 0.58 -0.15 -0.39 -0.54 -0.49 0.01 0.13 -0.93 -1.4 -0.76 0.68 1
0.52 0.29 -0.07 0.68 0.56 1.14 1.37 1.61 1.94 1.94 -0.06 1.57 0
-0.69 -1.12 -1.39 -1.35 -1.43 -0.9 -0.9 -0.41 -0.48 -0.62 -1.11 0.48 0
1.25 0.27 0 -0.09 -0.22 0.49 -0.99 -0.75 0.03 -0.69 -0.89 0.68 1
0.14 0.56 -0.07 -0.23 -0.01 -0.21 0.08 0.3 0.35 0.05 -1.15 0.98 1
0.99 0.11 -0.38 0.42 0.48 0.71 0.66 0.71 0.37 0.14 -1.11 1.05 1
1.92 1.55 1.3 1.3 1.3 1.78 2.35 2.13 1.8 1.58 -1.11 1.76 1
1.53 1.26 1.07 1.42 1.35 1.76 1.65 1.64 1.66 2.31 -0.45 1.86 1
1.63 1.21 0.35 0.5 0.54 0.94 1.09 1.27 1.18 1.29 -1.11 1.5 0
0.68 0.42 0.31 0.19 0.49 0.45 0.45 0.48 1.01 0.64 -1.11 1.16 1
0.67 0.79 0.4 0.49 0.36 0.78 0.64 1.08 1.39 2.31 -0.19 1.55 0
0.03 0 -0.35 -0.23 -0.29 -0.08 -0.46 -0.01 0.67 0.79 0.15 0.97 0
-0.7 -0.98 -1.63 -2.08 -1.88 -1.76 -1.55 -0.87 -0.82 -0.96 -1.11 0.39 0
-0.47 -1.53 -1.93 -1.77 -2.05 -1.86 -1.43 -1.2 -0.7 -0.98 -1.06 0.13 0
0.05 -0.01 -0.34 -0.4 -0.61 -0.19 -0.54 -0.75 -0.38 -0.47 -0.45 0.67 0
0.15 -0.38 -0.41 -0.77 -0.87 -0.81 -1.28 -1.05 -0.29 -0.2 -1.02 0.69 1
0.61 0.47 0.51 0.31 0.28 0.25 0.55 0.41 0.04 0.51 -0.45 1.1 1
0.85 0.74 0.31 0.66 0.8 0.89 0.55 0.71 0.96 1.5 0.33 1.36 0
0.44 0.52 0.18 0.31 0.59 -0.38 0.31 0.85 0.74 0.31 -1.15 1.13 1
1.28 0.93 0.75 0.84 1.17 1.14 0.96 1.44 0.86 0.76 -0.67 1.31 1
1.61 2.11 1.26 1.51 1.84 1.72 1.48 1.38 1.28 1.5 -1.06 1.59 0
0.19 -0.91 -1.99 -1.97 -2.04 -1.21 -1.95 -2.05 -1.93 -1.84 -1.06 0.03 1
1.14 0.77 0.05 0.18 0.4 0.92 0.77 0.32 0.19 -0.91 -0.72 0.77 1
-0.06 -0.49 -0.72 -0.37 -0.48 -0.29 -0.18 -0.46 0.31 0.88 0.37 0.99 0
0.8 0.24 -0.69 -0.5 -0.15 -0.32 -0.06 -0.49 -0.72 -0.37 -1.06 0.76 0
0.75 0.29 0.29 0.38 0.71 0.8 0.24 -0.69 -0.5 -0.15 -0.85 0.91 1
-0.79 -1.14 -1.25 -1.66 -1.32 -0.78 -0.39 -0.88 -0.06 0.67 -1.15 0.73 1
-0.1 -0.22 -0.28 -0.44 -0.2 -0.11 -0.46 -0.46 -0.22 0.21 -1.11 0.82 0
-0.55 -0.55 -1.05 -1.45 -1.22 -1.52 -1.32 -1.32 -0.77 0.13 -0.37 0.62 0
-0.43 -0.55 -1.43 -1.58 -1.03 -0.82 -0.06 -0.97 -0.57 -0.85 -1.06 0.47 1
0.73 0.92 0.3 0.3 0.27 0.68 0.97 0.89 1.76 1.76 -0.24 1.41 0
0.03 -0.3 -0.52 -0.74 -0.28 0.03 0.42 0.33 0.33 0.6 -1.15 0.97 0
-0.19 -0.41 -1.06 -0.78 -0.52 -0.49 -0.49 -1.14 -1.24 -0.99 -1.06 0.62 0
0.86 -0.33 -0.97 -0.67 -1.18 -0.9 -0.21 -0.41 -0.17 -1.25 -1.06 0.6 1
1.49 1.49 0.94 1.02 1.21 0.98 1.3 1.49 0.86 -0.33 -0.72 1.13 0
0.17 0.37 0.06 0.25 0.05 -0.49 -0.4 -0.58 0.22 0.48 -1.15 1.04 0
0.56 0.04 -0.08 0.23 0.05 0.15 0.15 0.3 0.09 -0.16 -1.11 0.97 0
-0.11 -0.38 -0.83 -0.74 -0.92 -1.34 -0.65 0.15 0.56 0.04 -1.11 0.75 0
0.6 0.18 -0.67 0.23 -0.48 -0.72 -0.64 -0.64 -0.05 -0.11 -1.06 0.71 1
1.16 1.16 0.91 1.15 0.94 0.94 0.85 1.56 1.59 1.07 -0.5 1.39 0
0.8 0.57 0.38 0.46 0.24 0.28 0.11 0.48 0.62 1.18 -1.11 1.18 0
0.09 -0.23 -0.2 -0.42 -0.74 -0.62 0.05 0.56 0.4 0.8 -1.15 0.94 1
-1.36 -2.1 -2.79 -2.74 -2.83 -2.69 -2.22 -2.31 -2.02 -1.83 -1.11 -0.08 0
-0.31 -0.81 -1.15 -1.44 -1.4 -0.97 -0.9 -1.36 -2.1 -2.79 -0.8 0.04 1
1.17 1.17 0.77 1 0.95 1.09 1.09 1.36 1.24 0.99 -1.06 1.38 0
-0.04 -0.33 -0.4 -0.35 -0.84 -0.75 0.15 0.28 1.17 1.17 -0.72 1.03 0
0.2 0.13 -0.37 -0.25 -0.54 -0.04 -0.33 -0.4 -0.35 -0.84 -1.06 0.82 0
-0.24 0.06 -0.51 -0.29 -0.92 -0.72 -1.06 -1.17 -1.17 -1.12 -1.06 0.65 0
-0.32 -0.68 -1.06 -0.92 -0.7 -0.55 -0.39 -0.39 -0.18 -0.26 -1.11 0.69 1
0.02 -0.45 -1 -0.72 -0.48 0.74 0.74 1.89 1.89 1.43 -0.45 1.15 0
0.45 -0.33 -0.6 -0.6 -0.49 -0.49 -0.72 -0.62 0.09 -0.12 -1.11 0.77 1
1.46 1.46 1.04 1.29 1.54 1.49 2.08 2.08 1.62 0.66 -0.63 1.42 0
1.18 1.18 0.69 0.76 0.28 0.77 1.43 1.16 1.51 1.19 -1.06 1.44 1
1.61 1.31 1.08 1.36 1.24 1.66 2.28 1.9 1.43 1.18 -1.06 1.53 0
1.48 0.38 0.18 -0.03 0.35 -0.36 -0.31 0.27 -0.02 0.11 -1.06 1.02 1
1.08 1.27 1.06 0.7 0.76 0.98 1.53 1.35 1.6 1.6 -0.24 1.58 0
0.83 1.15 0.58 0.7 1.08 1.27 1.06 0.7 0.76 0.98 -1.15 1.43 1
0.93 0.64 0.64 0.64 0.82 0.88 0.66 0.52 1.55 1.83 -0.59 1.39 0
0.12 0.2 -0.04 0.18 -0.14 0.22 0.29 0.15 0.35 0.63 -0.15 1.06 0
-0.6 -0.81 -0.81 -1.32 -1.12 -1.01 -0.96 -0.74 -0.58 -0.66 -1.11 0.49 0
-0.17 -0.29 -0.64 -0.76 -0.87 -1.22 -1.17 -0.93 -0.6 -0.81 -0.93 0.47 0
-0.65 -0.57 -1.07 -0.93 -0.36 -0.17 -0.29 -0.64 -0.76 -0.87 -1.06 0.52 0
-0.5 -0.4 -0.83 -0.83 -0.75 -1.01 -0.52 -0.65 -0.57 -1.07 -1.06 0.57 0
1.12 0.22 -0.55 -0.55 -0.32 -0.47 -0.13 -0.43 -0.2 -0.49 -1.06 0.77 0
0.61 0.49 0.25 0.25 0.14 0.85 1.12 0.22 -0.55 -0.55 -0.8 0.94 0
0.85 -0.45 -0.8 -0.18 -0.35 -0.08 0.37 0.53 0.53 0.68 -1.11 1.07 1
1.57 1.61 1.29 1.7 2.95 2.57 2.35 3.75 3.45 3.45 -0.45 2.18 0
0.32 0.32 -0.11 -0.37 0.46 0.52 0.47 0.72 0.98 0.98 0.37 1.24 0
0.02 0.41 -0.91 -0.73 -0.87 -0.7 -0.53 -0.66 -0.32 0.06 -1.06 0.76 0
0.35 -0.01 -0.11 0.13 -0.33 -0.63 -0.42 0.41 0.02 0.41 -0.93 0.77 0
-0.05 0.04 -0.54 -0.79 -0.71 -0.56 -0.05 -0.27 0.1 0.1 -1.06 0.8 0
0.21 -0.26 -0.38 -0.2 -0.68 0.1 0.59 0.36 0.48 0.26 -1.11 0.91 0
0.75 -0.28 -0.06 -0.62 -0.62 -0.76 -0.39 -0.19 -0.19 0.21 -1.02 0.76 0
0.45 0.36 -0.24 0.34 0.23 1.16 1.08 1.33 1.74 1.28 -0.41 1.26 0
-0.25 -0.19 -1.22 -0.78 -0.6 -0.89 -0.06 -1.23 -1.09 -0.71 -1.06 0.54 0
0.29 0 -0.67 -0.55 -0.17 -0.25 -0.19 -1.22 -0.78 -0.6 -1.06 0.63 0
0.53 -0.21 -0.3 -0.23 0.29 0 -0.67 -0.55 -0.17 -0.25 -0.89 0.73 0
0.73 0.37 0.08 -0.02 0.15 0.33 0.33 0.17 -0.07 0.38 -1.06 0.99 0
-0.82 -0.9 -1.34 -1.03 -0.98 -0.58 -1.39 -1.2 -0.78 0.36 -0.72 0.67 0
-1.11 -1.68 -1.85 -2.48 -2.21 -2.41 -2.09 -1.82 -1.59 -1.42 -1.06 0.01 0
-0.96 -0.79 -1.72 -1.62 -1.71 -1.71 -1.93 -1.69 -1.43 -1.96 -0.89 0.12 0
-0.93 -1 -2.23 -2.21 -2.17 -1.22 -1.07 -1.07 -1.03 -1.19 -1.06 0.22 1
0.36 0.12 -0.2 0.2 0.31 0.56 0.5 0.56 -0.01 -0.07 -1.06 0.94 0
0.84 0.51 0.3 0.68 0.68 0.43 0.02 0.43 0.36 0.36 -1.06 1.07 0
0.15 0.07 -0.17 -0.17 0.45 0.84 0.51 0.3 0.68 0.68 -1.15 1.05 0
-0.16 -0.37 -0.98 -0.92 -2.36 -0.88 -0.52 -0.46 0.09 0.57 -1.11 0.77 1
0.93 0.87 0.43 0.22 -0.3 -0.37 -0.53 -0.75 -1.24 -0.93 -0.85 0.76 0
1.41 1.06 -0.14 0.51 0.84 0.93 0.87 0.43 0.22 -0.3 -1.06 1 0
0.76 0.82 0.48 0.38 0.77 1.41 1.06 -0.14 0.51 0.84 -1.06 1.22 0
-0.15 0.02 -1.29 -0.92 -0.02 0.76 0.82 0.48 0.38 0.77 -0.85 1.02 0
0.36 -0.07 -0.55 -1.16 -1.47 -1.02 -0.99 -0.12 0.03 -0.31 -1.06 0.68 0
0.02 0.21 -0.82 -0.57 -0.83 -1.03 -0.89 -0.4 -0.06 -0.06 -1.06 0.75 0
-0.76 -1.15 -1.57 -1.57 -1.52 -1.6 -2.11 -1.81 -1.59 -1.33 -1.06 0.15 1
1.03 0.8 0.02 -0.03 0.06 0.06 -0.46 -0.35 0.29 -0.3 -0.32 0.91 0
0.96 0.63 -0.82 -0.6 -0.65 0.01 0.01 0.49 0.99 1.11 -1.06 1.03 1
0.32 -0.6 -1.82 -1.94 -2.05 -1.04 -0.56 0.03 0.1 0.2 -1.11 0.77 1
0.01 -0.26 -0.41 -0.5 -0.31 -0.19 -0.11 -0.15 0.64 0.32 -0.15 0.92 1
0.86 0.21 -0.18 -0.48 -0.2 0.14 -0.07 0.57 0.41 0.34 -1.11 1.05 0
-0.37 -0.63 -0.78 -1.37 -1.29 -0.7 -0.49 -0.41 -0.22 -0.29 -1.11 0.62 0
0.45 -0.17 -0.64 -0.87 -0.87 -0.24 -0.19 -0.53 -0.38 -0.72 -1.02 0.61 0
-0.11 -0.4 -1.11 -0.81 -1.03 -0.69 -0.61 -0.45 -0.31 -0.72 -1.06 0.65 0
-0.31 -0.41 -1.31 -0.76 -0.45 -0.11 -0.11 -0.4 -1.11 -0.81 -1.06 0.58 1
2.19 1.66 1.45 1.61 1.89 2 2.38 2.09 2.02 2.07 -1.11 1.87 1
1.32 0.47 0.42 0.25 0.56 0.56 0.42 1.33 1.13 1.73 -0.19 1.56 0
0.76 0.72 0.38 0.59 0.68 1.32 0.47 0.42 0.25 0.56 -1.11 1.23 0
0.55 0.41 0.12 0.46 0.71 0.76 0.72 0.38 0.59 0.68 -1.15 1.17 1
1.02 0.71 0.57 0.61 0.54 1.41 2.2 1.4 0.78 0.78 -1.11 1.3 0
1 1.11 1.11 0.68 1.02 1.02 0.71 0.57 0.61 0.54 -1.15 1.4 1
1 0.83 0.32 0.32 0.57 0.57 0.89 0.45 0.53 0.14 -1.06 1.23 0
-0.01 -0.13 -0.58 -0.58 -0.27 -0.57 -0.4 -0.7 -0.23 -0.6 -1.06 0.69 0
-1.04 -1.18 -1.7 -1.52 -1.67 -1.49 -1.4 -1.04 -0.38 -1.02 -1.06 0.24 0
0.73 0.23 -0.75 -0.7 -0.33 -0.63 -0.58 -0.48 -0.76 -1.04 -0.67 0.52 1
1.02 1.25 0.77 1.18 1.55 1.68 1.34 1.65 2.04 2.23 -0.89 1.72 0
-0.28 -0.01 -0.82 -0.87 -0.64 -0.44 0.06 1.14 1.02 1.25 -0.45 1.06 0
-0.2 -0.78 -0.97 -1.26 -0.75 -0.28 -0.01 -0.82 -0.87 -0.64 -1.11 0.72 0
-0.26 -0.37 -0.37 -0.83 -1.1 -0.62 -0.55 -0.44 -0.58 -0.43 -1.02 0.58 0
1.03 0.31 -0.34 -0.29 0.28 0.01 -0.15 -0.26 -0.37 -0.37 -0.72 0.77 0
0.99 0.66 0.43 0.23 0.06 1.03 0.31 -0.34 -0.29 0.28 -0.5 0.98 1
2.11 2.07 1.49 2 2.62 2.57 2.52 2.36 1.9 1.58 -0.06 1.73 0
1.82 1.68 0.96 1.36 2.11 2.07 1.49 2 2.62 2.57 0.11 1.86 0
0.39 -0.39 -0.53 -0.5 -0.72 -0.27 0.11 -0.04 -0.28 0.01 -1.11 0.86 0
0.46 0.08 -0.67 -0.63 -0.85 -0.44 -0.09 -0.18 -0.11 -0.15 -1.06 0.81 1
0.52 0.27 -0.3 -0.61 -0.61 -0.48 -0.35 -0.62 -0.5 -0.11 -1.06 0.79 0
0.8 0.59 -0.41 -0.02 0.24 0.24 0.58 0.08 0.52 0.27 -1.06 0.92 0
-0.6 -1.14 -1.87 -2.1 -1.84 -2.31 -2.31 -2.42 -2.29 -2.08 -1.06 0.02 0
0.55 0.08 -0.47 -0.13 -0.08 -0.08 -0.66 0.06 0.12 0.45 -1.06 0.85 1
0.68 0.19 -0.45 -0.21 -0.17 0.39 1.32 1.45 1.15 1.11 -1.15 1.32 1
-0.18 -0.51 -0.71 -1.17 -0.88 -0.63 -0.16 0 -0.76 -0.93 -1.06 0.6 0
-0.56 -0.46 -1.07 -0.98 -0.85 -0.37 -0.51 -0.41 -0.41 -0.14 -1.06 0.62 1
-0.68 -0.79 -1.09 -0.9 -0.81 -0.7 -1.2 -0.84 -0.37 0.07 -0.24 0.7 0
0.42 -0.1 -0.65 -0.58 -0.22 -0.27 -0.42 -1.07 -0.5 -0.86 -0.85 0.64 0
0.69 0.82 0.36 0.53 0.43 0.29 0.09 0.64 1.23 1.55 -1.06 1.22 0
0.12 -0.16 -0.72 -0.5 -0.5 -0.29 -0.89 -0.85 -1.09 -0.51 -1.06 0.66 1
0.45 0.52 0 -0.31 0.27 0.12 0.45 1.66 1.58 1.68 -0.24 1.38 0
-0.36 -0.28 -0.49 -0.75 -0.65 -0.49 -0.28 -1.33 -0.99 -0.93 -0.85 0.5 0
-0.75 -1.27 -1.67 -1.62 -2.15 -1.61 -0.95 -1.16 -1.48 -0.56 -1.11 0.35 1
-0.19 -0.15 -0.57 -0.73 -0.73 -0.5 -0.07 0.39 0.71 0.43 -1.15 0.9 1
0.78 0.29 -0.03 0.09 -0.04 0 0.03 0.03 0.47 0.8 -1.11 1.22 0
0.38 0.48 0.25 0.15 0.43 0.82 0.78 0.29 -0.03 0.09 -1.06 1.02 0
0.54 -0.04 -1.37 -0.64 -0.99 -1.23 -1.35 -0.79 -0.72 -1.31 -1.06 0.45 0
0.52 0.13 0.13 -0.21 -0.33 -0.2 -0.59 -0.71 0.17 -0.18 -0.98 0.85 0
0.24 0.11 -0.22 -0.12 0.16 -0.15 -0.21 -0.21 0.52 0.13 -1.06 0.88 0
0.72 0.38 0.61 0.34 -0.11 0.03 0.16 0.09 -0.18 0.59 -0.98 1.07 0
-1.25 -1.15 -1.4 -1.66 -1.85 -1.51 -2.12 -1.87 -1.54 -0.63 -1.06 0.23 0
-0.92 -1.19 -1.15 -1.55 -1.25 -1.15 -1.4 -1.66 -1.85 -1.51 -1.02 0.18 0
-0.56 -0.8 -1.22 -1.13 -1.13 -1.28 -1.02 -0.78 -0.92 -1.19 -1.06 0.35 0
-0.17 -0.52 -0.8 -0.43 -0.52 -0.46 0.11 -0.12 0.22 -0.08 -1.11 0.73 1
2 1.82 1.5 1.33 1.47 1.84 2.76 2.55 2.43 2.34 -0.15 1.9 0
0.64 0.24 0.12 0.29 -0.06 0.38 0.75 1.46 1.46 2 0.24 1.37 0
0.58 0.77 0.1 0.16 0.64 0.24 0.12 0.29 -0.06 0.38 -1.15 1.21 0
1.76 1.47 0.66 0.35 0.7 1.21 0.98 0.58 0.77 0.1 -1.02 1.24 0
1.07 0.64 0.18 0.53 0.53 0.57 1.99 1.8 1.7 1.76 -1.11 1.39 1
1.91 1.49 1.18 1.11 1.36 1.67 1.42 1.08 1.74 2.03 -1.11 1.7 0
-0.4 -0.4 -0.51 -0.77 -0.98 -0.67 -0.88 -0.62 -0.87 -0.82 -1.02 0.6 0
0.16 -0.33 -0.71 -0.6 -0.99 -0.62 -1.08 -1.53 -1.26 -1.11 -0.98 0.53 1
0.25 0.35 -0.03 0.01 -0.28 0.17 0.81 0.64 1.13 0.72 -0.85 1.16 0
0.97 0.29 0.19 -0.15 -0.1 0.13 0.37 -0.08 0.25 0.35 -1.02 0.97 1
2.17 1.88 1.64 1.73 1.73 2.28 2.06 1.71 1.62 1.58 -0.28 1.75 1
2.36 2.12 1.81 2.18 1.99 2.91 2.63 2.63 2.46 2.46 -1.11 2 0
0.96 0.82 0.54 0.79 0.58 0.52 0.52 0.73 1.1 1.05 -0.59 1.44 0
0.17 -1.03 -1.25 -1.79 -1.61 -1.69 -1.48 -1.31 -2 -1.81 -1.06 0.29 1
-0.34 -0.34 -0.68 -0.65 -0.79 -0.29 -0.57 -0.75 -0.61 -0.06 -1.15 0.77 1
0.32 0.43 0.17 0.06 0.58 0.75 0.42 0.17 0.07 -0.18 -0.72 0.92 0
0.47 -0.04 -0.81 -0.39 0.21 -0.18 -0.48 -0.54 0.32 0.43 -1.11 0.91 1
-0.05 -0.1 -1.15 -1.07 -1.04 -1.23 -1.14 -0.92 -0.41 -0.37 -1.06 0.61 1
-0.47 -0.39 -1.51 -0.88 -0.74 -0.49 -0.71 -0.94 -0.47 -0.2 -1.06 0.65 0
0.68 0.19 -0.04 -0.27 -0.6 -0.49 -0.26 -0.57 -0.51 -0.08 -0.72 0.68 1
1.74 0.95 0.8 0.93 1.44 1.01 1.14 1.78 2.17 1.79 -1.11 1.53 0
1.57 1.25 1.05 1.05 1.32 1.53 1.74 1.68 1.61 1.3 -1.11 1.55 0
-0.16 -0.63 -0.63 -1 -1 -0.42 -0.39 0.11 0.28 2.12 -0.45 1.12 1
-0.5 -0.98 -1.02 -1.25 -0.93 -0.82 -1.4 -1.19 -1.43 -1.19 -1.11 0.39 0
-0.33 -0.68 -0.68 -0.92 -0.81 -0.29 -1.2 -1.31 -0.97 -0.61 -1.11 0.54 0
-1.11 -1.07 -1.41 -1.29 -1.09 -1.03 -0.96 -1.19 -1.16 -1.72 -1.06 0.31 0
0.13 -0.22 -1.94 -1.3 -1.47 -1.17 -0.91 -0.77 -1.15 -1.03 -1.06 0.36 0
0.26 0.09 -0.65 -0.51 -0.03 -0.13 -0.13 -0.31 0.13 -0.22 -0.72 0.63 0
-0.57 -0.82 -2.25 -1.12 -0.3 -0.19 -0.13 -0.02 -0.08 0.13 -0.11 0.75 0
-0.33 -0.68 -1.04 -1.04 -1.33 -1.04 -0.77 -0.55 -0.42 -0.42 -1.06 0.52 0
0.44 -0.36 -0.93 -0.75 -0.75 -0.67 -0.8 -0.72 -0.65 -0.76 -1.06 0.61 1
1.7 1.38 1.23 1.13 2.27 1.98 1.59 1.24 1.65 1.48 -1.11 1.63 0
1.51 1.32 1.06 1.21 1.7 1.38 1.23 1.13 2.27 1.98 -1.11 1.63 0
0.65 0.98 0.54 0.64 0.56 0.65 0.84 0.46 0.38 0.63 -1.15 1.26 0
1.17 0.44 0.3 0.16 0.29 0.42 0.3 0.18 1.26 1.15 -1.11 1.24 0
-0.59 -0.97 -1.68 -1.28 -0.56 -0.72 -0.62 -0.52 0.02 0.69 -0.54 0.83 1
1.12 0.53 0.36 0.28 -0.05 0.43 0.7 0.7 1.05 0.99 -1.11 1.29 0
0.76 1.02 0.52 0.52 0.52 0.85 0.67 0.78 0.88 1.18 -1.06 1.25 1
0.76 0.33 -0.16 -0.29 -0.19 0.23 0.57 0.95 1.21 1.04 -1.11 1.22 0
0.4 -0.07 -1.46 -1.25 -1.4 -1.55 -1.49 -1.31 -2.02 -2.02 -1.06 0.29 0
0.99 0.45 0.14 -0.08 0.01 0.4 0.4 -0.07 -1.46 -1.25 -0.8 0.67 0
-0.1 -0.61 -0.54 -1.08 -0.26 -0.38 -0.11 -0.44 -0.67 -0.36 -1.11 0.67 1
0.34 0.24 0.15 0.51 0.91 0.5 0.32 0.32 0.24 0.4 -0.93 1.24 0
0.34 -0.23 -0.54 -0.14 -0.46 -0.04 0.34 0.24 0.15 0.51 -1.11 0.97 0
-0.9 -1.06 -1.55 -2 -2.68 -1.95 -1.62 -1.56 -1.4 -1.92 -1.02 0.07 0
-0.4 -0.64 -0.89 -0.84 -0.39 -0.77 -0.16 0.04 -0.43 -0.43 -1.06 0.59 1
0.05 -0.11 -0.19 -0.43 -0.43 -0.27 -0.04 0.52 0.06 0.33 -0.41 0.92 0
1.05 0.78 -0.5 -0.74 -0.15 -0.38 -0.29 -0.64 -0.48 -0.32 -1.06 0.86 1
-0.9 -1.16 -1.25 -1.59 -1.49 -1.04 -1.39 -1.95 -1.36 -1.57 -1.06 0.24 0
-0.32 -0.89 -1.74 -1.27 -0.9 -1.16 -1.25 -1.59 -1.49 -1.04 -1.06 0.25 1
-0.12 -0.04 -0.64 -0.64 -0.44 0.02 -0.26 -0.36 -0.36 0.21 -1.06 0.84 0
0.01 0.13 -0.25 -0.39 0.14 -0.39 -0.28 -0.28 -0.41 -0.92 -1.02 0.72 1
2.81 2.53 2.34 2.15 3.86 3.84 3.8 3.8 3.67 3.67 0.07 2.48 0
1.95 1.93 1.63 2.09 2.81 2.53 2.34 2.15 3.86 3.84 0.24 2.32 1
1.88 1.75 1.62 1.94 1.63 1.59 2.3 2.15 1.95 1.95 0.63 1.86 0
0.72 0.45 0.11 0.05 0.49 0.92 0.99 1.51 1.58 1.36 1.15 1.41 0
0.51 0.79 0.37 0.5 0.77 0.72 0.45 0.11 0.05 0.49 -1.06 1.24 0
0.95 0.5 -0.03 -0.11 -0.11 -0.18 0.18 0.51 0.79 0.37 -1.06 1.08 0
-0.64 -0.64 -1.14 -0.85 -1.2 -1.86 -0.75 0.13 -0.1 0 -0.63 0.67 1
0.31 0.25 0.08 0.29 0.35 0.14 0.61 1.22 0.86 1.25 -0.24 1.28 1
0.31 -0.31 -0.41 -0.6 -0.11 -0.49 -0.35 -0.28 -0.54 -0.08 -1.11 0.88 1
0.44 0.29 0.07 -0.17 0.1 0.38 0.68 0.42 0.64 0.79 -1.15 1.2 1
0.91 1.31 0.8 0.8 1.2 1.04 1.27 0.59 1.08 1.84 -1.15 1.51 1
-0.6 -0.92 -1.02 -0.97 -1.06 -0.8 -0.64 -0.58 -0.74 -0.59 -1.15 0.6 1
2.36 2.24 2.05 2.45 3.37 3.25 3.22 2.3 1.61 1.09 -0.63 1.73 1
1.42 1.74 1.39 1.49 1.98 2.03 2.19 2.11 1.92 1.92 -0.11 1.89 0
1.66 1.13 0.78 0.78 0.84 0.8 1.08 1.04 0.89 1.31 -1.11 1.48 1
0.87 0.87 0.59 0.59 0.75 0.9 1.34 1.09 1.8 1.71 -0.54 1.58 0
1.28 1.56 -0.04 -0.6 -0.34 0.01 0.32 0.2 0.44 0.44 -1.06 1.11 0
-0.93 -0.93 -1.48 -1.4 -1.32 -1.06 -0.92 -0.73 -0.32 -0.32 0.02 0.54 0
-0.38 -0.73 -1 -0.85 -1.31 -1.81 -1.48 -1.48 -1.36 -0.93 -0.98 0.3 0
-0.23 -0.17 -1.13 -1.02 -0.28 -0.38 -0.38 -0.73 -1 -0.85 -1.06 0.45 0
-0.28 -0.28 -0.71 -0.6 -0.23 -0.17 -1.13 -1.02 -0.28 -0.38 -0.89 0.6 1
-0.87 -0.68 -1.41 -2.21 -1.95 -1.23 -0.98 -0.7 0.35 0.51 -1.15 0.62 0