4.24 4.24 4.23 4.21 4.2 4.21 4.22 4.22 4.22 4.22 4.22 4.23 4.22 4.22 4.22 4.22 4.23 4.23 4.24 4.24 4.24 4.24 4.24 4.25 4.25 0
4.19 4.18 4.18 4.18 4.18 4.18 4.18 4.19 4.19 4.19 4.19 4.19 4.19 4.2 4.2 4.21 4.21 4.22 4.21 4.22 4.22 4.22 4.22 4.22 4.22 0
4.19 4.18 4.18 4.19 4.19 4.19 4.19 4.18 4.18 4.18 4.18 4.18 4.18 4.19 4.19 4.19 4.19 4.19 4.19 4.2 4.2 4.21 4.21 4.22 4.21 1
4.2 4.2 4.19 4.19 4.19 4.19 4.19 4.18 4.18 4.18 4.18 4.19 4.18 4.18 4.19 4.19 4.19 4.19 4.18 4.18 4.18 4.18 4.18 4.18 4.19 0
4.15 4.15 4.13 4.13 4.15 4.17 4.17 4.19 4.19 4.2 4.2 4.19 4.19 4.19 4.19 4.19 4.18 4.18 4.18 4.18 4.19 4.18 4.18 4.19 4.19 0
4.15 4.14 4.14 4.14 4.14 4.14 4.14 4.13 4.13 4.14 4.14 4.15 4.15 4.15 4.15 4.13 4.13 4.15 4.17 4.17 4.19 4.19 4.2 4.2 4.19 0
4.11 4.1 4.09 4.1 4.1 4.1 4.1 4.1 4.12 4.13 4.13 4.12 4.12 4.13 4.12 4.13 4.13 4.13 4.13 4.13 4.13 4.14 4.14 4.14 4.15 1
4.12 4.11 4.1 4.1 4.11 4.11 4.11 4.11 4.11 4.11 4.1 4.09 4.1 4.1 4.1 4.1 4.1 4.12 4.13 4.13 4.12 4.12 4.13 4.12 4.13 1
4.14 4.13 4.12 4.12 4.13 4.14 4.13 4.12 4.12 4.12 4.11 4.1 4.1 4.11 4.11 4.11 4.11 4.11 4.11 4.1 4.09 4.1 4.1 4.1 4.1 0
4.11 4.1 4.1 4.09 4.11 4.12 4.13 4.14 4.13 4.12 4.12 4.13 4.14 4.13 4.12 4.12 4.12 4.11 4.1 4.1 4.11 4.11 4.11 4.11 4.11 1
4.12 4.12 4.11 4.11 4.11 4.11 4.12 4.13 4.13 4.12 4.11 4.1 4.11 4.11 4.11 4.11 4.11 4.11 4.1 4.09 4.1 4.11 4.1 4.1 4.09 1
4.14 4.13 4.12 4.12 4.13 4.13 4.14 4.14 4.13 4.13 4.14 4.14 4.14 4.14 4.14 4.15 4.14 4.13 4.13 4.13 4.12 4.12 4.11 4.11 4.11 1
4.17 4.16 4.16 4.16 4.16 4.17 4.19 4.18 4.17 4.18 4.18 4.17 4.16 4.15 4.15 4.14 4.14 4.13 4.12 4.12 4.13 4.13 4.14 4.14 4.13 0
4.17 4.17 4.16 4.16 4.16 4.16 4.17 4.17 4.17 4.18 4.18 4.18 4.17 4.17 4.17 4.17 4.16 4.16 4.16 4.16 4.17 4.19 4.18 4.17 4.18 0
4.17 4.17 4.16 4.16 4.17 4.17 4.18 4.18 4.17 4.17 4.17 4.16 4.16 4.16 4.16 4.17 4.17 4.17 4.18 4.18 4.18 4.17 4.17 4.17 4.17 0
4.17 4.17 4.16 4.16 4.16 4.16 4.16 4.16 4.17 4.17 4.17 4.17 4.16 4.17 4.17 4.17 4.16 4.16 4.17 4.17 4.18 4.18 4.17 4.17 4.17 0
4.14 4.13 4.13 4.13 4.13 4.12 4.12 4.13 4.13 4.14 4.16 4.16 4.17 4.17 4.17 4.16 4.16 4.16 4.16 4.16 4.16 4.17 4.17 4.17 4.17 0
4.11 4.11 4.11 4.11 4.11 4.11 4.11 4.12 4.13 4.14 4.14 4.13 4.13 4.13 4.13 4.12 4.12 4.13 4.13 4.14 4.16 4.16 4.17 4.17 4.17 0
4.1 4.09 4.09 4.09 4.09 4.09 4.09 4.1 4.1 4.1 4.1 4.1 4.1 4.1 4.1 4.11 4.11 4.11 4.1 4.1 4.1 4.1 4.11 4.11 4.11 1
4.11 4.1 4.09 4.09 4.09 4.1 4.1 4.1 4.11 4.1 4.1 4.1 4.1 4.1 4.09 4.09 4.09 4.09 4.09 4.09 4.1 4.1 4.1 4.1 4.1 1
4.11 4.1 4.1 4.1 4.1 4.11 4.11 4.11 4.11 4.11 4.11 4.12 4.12 4.12 4.12 4.13 4.13 4.14 4.14 4.14 4.14 4.14 4.14 4.14 4.14 0
4.08 4.07 4.07 4.08 4.09 4.09 4.09 4.09 4.09 4.09 4.1 4.11 4.1 4.1 4.1 4.1 4.11 4.11 4.11 4.11 4.11 4.11 4.12 4.12 4.12 1
4.23 4.22 4.21 4.22 4.22 4.21 4.22 4.22 4.21 4.21 4.22 4.22 4.23 4.22 4.21 4.2 4.2 4.2 4.19 4.19 4.2 4.2 4.19 4.17 4.17 1
4.26 4.23 4.23 4.23 4.22 4.22 4.23 4.27 4.26 4.26 4.25 4.26 4.29 4.28 4.28 4.3 4.31 4.32 4.29 4.27 4.28 4.26 4.26 4.26 4.25 1
4.25 4.24 4.23 4.24 4.24 4.24 4.24 4.25 4.26 4.26 4.27 4.27 4.25 4.25 4.25 4.24 4.25 4.25 4.25 4.26 4.26 4.23 4.23 4.23 4.22 0
4.24 4.23 4.23 4.23 4.23 4.24 4.25 4.25 4.25 4.25 4.25 4.24 4.23 4.24 4.24 4.24 4.24 4.25 4.26 4.26 4.27 4.27 4.25 4.25 4.25 1
4.3 4.29 4.28 4.28 4.29 4.29 4.3 4.32 4.32 4.32 4.31 4.31 4.31 4.31 4.31 4.31 4.29 4.28 4.28 4.28 4.26 4.25 4.25 4.24 4.24 0
4.26 4.25 4.25 4.25 4.25 4.26 4.27 4.27 4.27 4.27 4.27 4.27 4.27 4.27 4.28 4.28 4.28 4.28 4.27 4.27 4.28 4.28 4.28 4.29 4.3 0
4.25 4.25 4.24 4.24 4.25 4.25 4.25 4.25 4.25 4.25 4.25 4.25 4.25 4.25 4.26 4.26 4.26 4.25 4.25 4.25 4.25 4.26 4.27 4.27 4.27 1
4.28 4.26 4.26 4.25 4.26 4.26 4.27 4.27 4.27 4.27 4.27 4.27 4.27 4.26 4.25 4.25 4.24 4.24 4.25 4.25 4.25 4.25 4.25 4.25 4.25 1
4.19 4.19 4.19 4.18 4.19 4.19 4.2 4.22 4.24 4.25 4.26 4.26 4.26 4.26 4.26 4.26 4.25 4.25 4.28 4.29 4.29 4.31 4.31 4.31 4.29 0
4.17 4.17 4.16 4.17 4.19 4.19 4.19 4.19 4.18 4.19 4.19 4.2 4.22 4.24 4.25 4.26 4.26 4.26 4.26 4.26 4.26 4.25 4.25 4.28 4.29 0
4.11 4.1 4.1 4.1 4.11 4.11 4.11 4.1 4.1 4.1 4.1 4.1 4.12 4.11 4.12 4.12 4.13 4.12 4.12 4.12 4.1 4.12 4.16 4.17 4.17 1
4.12 4.11 4.11 4.11 4.11 4.12 4.11 4.11 4.11 4.1 4.1 4.1 4.11 4.11 4.11 4.1 4.1 4.1 4.1 4.1 4.12 4.11 4.12 4.12 4.13 1
4.13 4.13 4.12 4.13 4.13 4.13 4.13 4.13 4.14 4.14 4.13 4.12 4.11 4.12 4.11 4.11 4.11 4.11 4.12 4.11 4.11 4.11 4.1 4.1 4.1 0
4.07 4.07 4.06 4.05 4.06 4.08 4.09 4.09 4.09 4.1 4.11 4.1 4.1 4.11 4.11 4.12 4.12 4.13 4.13 4.13 4.13 4.13 4.13 4.12 4.13 0
4.05 4.04 4.04 4.05 4.05 4.05 4.05 4.06 4.07 4.07 4.06 4.05 4.06 4.08 4.09 4.09 4.09 4.1 4.11 4.1 4.1 4.11 4.11 4.12 4.12 0
3.99 3.97 3.97 3.98 3.98 3.99 4 4.02 4.03 4.04 4.04 4.04 4.04 4.04 4.06 4.06 4.06 4.06 4.05 4.05 4.04 4.04 4.05 4.05 4.05 0
3.97 3.97 3.96 3.95 3.95 3.97 3.98 3.97 3.97 3.98 3.99 3.99 4 4 3.99 3.97 3.97 3.98 3.98 3.99 4 4.02 4.03 4.04 4.04 0
3.93 3.91 3.91 3.92 3.91 3.92 3.92 3.92 3.93 3.95 3.95 3.95 3.94 3.95 3.96 3.98 3.97 3.97 3.96 3.95 3.95 3.97 3.98 3.97 3.97 1
3.95 3.94 3.92 3.93 3.94 3.95 3.95 3.95 3.96 3.96 3.97 3.98 3.97 3.97 3.97 3.98 3.98 3.97 3.97 3.97 3.97 3.96 3.96 3.95 3.95 1
3.95 3.94 3.94 3.94 3.94 3.94 3.94 3.95 3.95 3.96 3.97 3.96 3.95 3.94 3.92 3.93 3.94 3.95 3.95 3.95 3.96 3.96 3.97 3.98 3.97 1
3.96 3.96 3.95 3.95 3.95 3.96 3.97 3.96 3.95 3.94 3.94 3.94 3.94 3.94 3.94 3.95 3.95 3.96 3.97 3.96 3.95 3.94 3.92 3.93 3.94 0
3.93 3.93 3.93 3.93 3.92 3.93 3.93 3.92 3.92 3.94 3.94 3.94 3.95 3.95 3.94 3.94 3.95 3.96 3.96 3.96 3.95 3.95 3.95 3.96 3.97 0
3.9 3.89 3.89 3.9 3.9 3.9 3.91 3.92 3.92 3.92 3.93 3.94 3.94 3.93 3.93 3.93 3.93 3.92 3.93 3.93 3.92 3.92 3.94 3.94 3.94 0
3.88 3.87 3.85 3.87 3.88 3.89 3.89 3.89 3.89 3.88 3.89 3.89 3.89 3.89 3.89 3.88 3.89 3.9 3.9 3.9 3.9 3.89 3.89 3.9 3.9 0
3.87 3.86 3.86 3.87 3.88 3.87 3.85 3.87 3.88 3.89 3.89 3.89 3.89 3.88 3.89 3.89 3.89 3.89 3.89 3.88 3.89 3.9 3.9 3.9 3.9 1
3.9 3.9 3.89 3.89 3.89 3.89 3.89 3.89 3.89 3.9 3.9 3.89 3.89 3.88 3.88 3.87 3.86 3.86 3.87 3.88 3.87 3.85 3.87 3.88 3.89 0
3.9 3.89 3.89 3.89 3.89 3.89 3.89 3.89 3.89 3.89 3.89 3.89 3.89 3.9 3.9 3.9 3.9 3.9 3.89 3.89 3.89 3.89 3.89 3.89 3.89 1
3.74 3.73 3.72 3.71 3.72 3.75 3.76 3.77 3.78 3.81 3.85 3.84 3.84 3.87 3.9 3.91 3.91 3.92 3.93 3.93 3.92 3.91 3.91 3.92 3.91 1
3.77 3.76 3.76 3.76 3.76 3.77 3.78 3.78 3.78 3.78 3.78 3.78 3.77 3.77 3.77 3.75 3.74 3.73 3.72 3.71 3.72 3.75 3.76 3.77 3.78 1
3.76 3.76 3.75 3.76 3.77 3.77 3.77 3.78 3.78 3.78 3.77 3.77 3.77 3.76 3.76 3.76 3.76 3.77 3.78 3.78 3.78 3.78 3.78 3.78 3.77 0
3.75 3.75 3.75 3.75 3.75 3.75 3.76 3.77 3.77 3.77 3.77 3.76 3.76 3.75 3.76 3.77 3.77 3.77 3.78 3.78 3.78 3.77 3.77 3.77 3.76 0
3.72 3.71 3.7 3.7 3.71 3.72 3.73 3.73 3.74 3.74 3.74 3.74 3.74 3.75 3.75 3.75 3.75 3.75 3.75 3.75 3.76 3.77 3.77 3.77 3.77 0
3.68 3.67 3.66 3.67 3.68 3.68 3.68 3.68 3.67 3.67 3.67 3.69 3.69 3.7 3.71 3.71 3.72 3.72 3.71 3.7 3.7 3.71 3.72 3.73 3.73 0
3.67 3.65 3.66 3.67 3.67 3.67 3.68 3.68 3.68 3.67 3.66 3.67 3.68 3.68 3.68 3.68 3.67 3.67 3.67 3.69 3.69 3.7 3.71 3.71 3.72 0
3.66 3.65 3.65 3.65 3.65 3.67 3.67 3.67 3.67 3.65 3.66 3.67 3.67 3.67 3.68 3.68 3.68 3.67 3.66 3.67 3.68 3.68 3.68 3.68 3.67 1
3.66 3.65 3.65 3.65 3.64 3.65 3.66 3.66 3.67 3.68 3.68 3.69 3.69 3.68 3.67 3.66 3.65 3.65 3.65 3.65 3.67 3.67 3.67 3.67 3.65 1
3.58 3.55 3.53 3.53 3.53 3.54 3.55 3.56 3.57 3.56 3.57 3.57 3.58 3.59 3.6 3.62 3.62 3.61 3.61 3.63 3.64 3.64 3.65 3.65 3.65 1
3.57 3.57 3.55 3.56 3.57 3.58 3.58 3.58 3.59 3.59 3.58 3.55 3.53 3.53 3.53 3.54 3.55 3.56 3.57 3.56 3.57 3.57 3.58 3.59 3.6 1
3.58 3.57 3.57 3.56 3.56 3.58 3.58 3.58 3.58 3.59 3.59 3.57 3.57 3.57 3.55 3.56 3.57 3.58 3.58 3.58 3.59 3.59 3.58 3.55 3.53 1
3.6 3.59 3.59 3.59 3.61 3.62 3.62 3.6 3.58 3.57 3.57 3.56 3.56 3.58 3.58 3.58 3.58 3.59 3.59 3.57 3.57 3.57 3.55 3.56 3.57 0
3.6 3.59 3.59 3.6 3.6 3.59 3.59 3.59 3.61 3.62 3.62 3.6 3.58 3.57 3.57 3.56 3.56 3.58 3.58 3.58 3.58 3.59 3.59 3.57 3.57 1
3.64 3.63 3.63 3.64 3.65 3.64 3.61 3.6 3.6 3.59 3.59 3.6 3.6 3.59 3.59 3.59 3.61 3.62 3.62 3.6 3.58 3.57 3.57 3.56 3.56 0
3.63 3.63 3.62 3.62 3.63 3.63 3.64 3.64 3.63 3.63 3.64 3.65 3.64 3.61 3.6 3.6 3.59 3.59 3.6 3.6 3.59 3.59 3.59 3.61 3.62 0
3.62 3.61 3.6 3.6 3.6 3.61 3.63 3.63 3.63 3.63 3.62 3.62 3.63 3.63 3.64 3.64 3.63 3.63 3.64 3.65 3.64 3.61 3.6 3.6 3.59 0
3.61 3.6 3.6 3.61 3.62 3.61 3.6 3.6 3.6 3.61 3.63 3.63 3.63 3.63 3.62 3.62 3.63 3.63 3.64 3.64 3.63 3.63 3.64 3.65 3.64 1
3.63 3.62 3.62 3.62 3.62 3.62 3.62 3.62 3.62 3.61 3.61 3.62 3.62 3.63 3.64 3.65 3.66 3.65 3.64 3.63 3.63 3.63 3.62 3.61 3.61 1
3.64 3.63 3.63 3.63 3.63 3.63 3.64 3.65 3.64 3.63 3.62 3.63 3.63 3.62 3.62 3.62 3.62 3.62 3.62 3.62 3.62 3.61 3.61 3.62 3.62 1
3.48 3.46 3.45 3.44 3.46 3.5 3.5 3.51 3.51 3.53 3.55 3.56 3.56 3.57 3.58 3.58 3.59 3.6 3.61 3.61 3.62 3.62 3.63 3.63 3.64 0
3.45 3.42 3.41 3.41 3.46 3.48 3.48 3.46 3.45 3.44 3.46 3.5 3.5 3.51 3.51 3.53 3.55 3.56 3.56 3.57 3.58 3.58 3.59 3.6 3.61 0
3.43 3.4 3.39 3.42 3.41 3.43 3.44 3.46 3.47 3.48 3.47 3.45 3.42 3.41 3.41 3.46 3.48 3.48 3.46 3.45 3.44 3.46 3.5 3.5 3.51 0
3.19 3.15 3.14 3.18 3.19 3.18 3.19 3.2 3.21 3.21 3.22 3.22 3.21 3.22 3.21 3.18 3.2 3.2 3.27 3.37 3.38 3.38 3.38 3.39 3.38 1
3.22 3.2 3.2 3.21 3.22 3.23 3.22 3.21 3.19 3.15 3.14 3.18 3.19 3.18 3.19 3.2 3.21 3.21 3.22 3.22 3.21 3.22 3.21 3.18 3.2 1
3.23 3.22 3.21 3.21 3.22 3.23 3.24 3.24 3.22 3.2 3.2 3.21 3.22 3.23 3.22 3.21 3.19 3.15 3.14 3.18 3.19 3.18 3.19 3.2 3.21 0
3.2 3.18 3.16 3.17 3.18 3.19 3.2 3.21 3.22 3.23 3.24 3.24 3.23 3.22 3.21 3.21 3.22 3.23 3.24 3.24 3.22 3.2 3.2 3.21 3.22 0
3.19 3.18 3.17 3.17 3.17 3.17 3.19 3.19 3.19 3.18 3.18 3.18 3.19 3.2 3.2 3.18 3.16 3.17 3.18 3.19 3.2 3.21 3.22 3.23 3.24 0
3.19 3.15 3.11 3.11 3.12 3.13 3.13 3.13 3.14 3.15 3.16 3.15 3.17 3.18 3.17 3.18 3.19 3.18 3.17 3.17 3.17 3.17 3.19 3.19 3.19 1
3.24 3.2 3.18 3.2 3.2 3.22 3.22 3.22 3.23 3.23 3.21 3.19 3.15 3.11 3.11 3.12 3.13 3.13 3.13 3.14 3.15 3.16 3.15 3.17 3.18 1
3.32 3.31 3.3 3.3 3.31 3.31 3.32 3.32 3.31 3.3 3.3 3.3 3.28 3.29 3.29 3.28 3.26 3.24 3.24 3.24 3.24 3.23 3.24 3.23 3.23 0
3.3 3.27 3.26 3.27 3.28 3.28 3.29 3.28 3.31 3.33 3.32 3.31 3.3 3.3 3.31 3.31 3.32 3.32 3.31 3.3 3.3 3.3 3.28 3.29 3.29 1
3.32 3.31 3.3 3.3 3.3 3.3 3.31 3.32 3.33 3.34 3.32 3.33 3.35 3.34 3.32 3.31 3.29 3.29 3.3 3.27 3.26 3.27 3.28 3.28 3.29 1
3.39 3.38 3.37 3.36 3.37 3.37 3.37 3.39 3.39 3.39 3.39 3.39 3.39 3.39 3.39 3.38 3.34 3.34 3.34 3.33 3.32 3.31 3.3 3.3 3.3 0
3.37 3.36 3.35 3.36 3.35 3.37 3.37 3.37 3.38 3.39 3.4 3.39 3.38 3.37 3.36 3.37 3.37 3.37 3.39 3.39 3.39 3.39 3.39 3.39 3.39 1
3.37 3.36 3.36 3.36 3.37 3.38 3.4 3.4 3.4 3.4 3.4 3.39 3.39 3.38 3.38 3.37 3.36 3.35 3.36 3.35 3.37 3.37 3.37 3.38 3.39 0
3.38 3.37 3.36 3.37 3.37 3.36 3.36 3.36 3.37 3.38 3.4 3.4 3.4 3.4 3.4 3.39 3.39 3.38 3.38 3.37 3.36 3.35 3.36 3.35 3.37 0
3.37 3.36 3.36 3.36 3.36 3.37 3.39 3.38 3.37 3.36 3.37 3.37 3.36 3.36 3.36 3.37 3.38 3.4 3.4 3.4 3.4 3.4 3.39 3.39 3.38 0
3.35 3.35 3.34 3.34 3.34 3.34 3.34 3.35 3.35 3.35 3.35 3.36 3.36 3.36 3.36 3.36 3.37 3.37 3.36 3.36 3.36 3.36 3.37 3.39 3.38 0
3.35 3.34 3.34 3.35 3.35 3.35 3.35 3.35 3.35 3.35 3.34 3.34 3.34 3.34 3.34 3.35 3.35 3.35 3.35 3.36 3.36 3.36 3.36 3.36 3.37 1
3.37 3.36 3.34 3.34 3.35 3.36 3.36 3.37 3.37 3.36 3.35 3.34 3.34 3.35 3.35 3.35 3.35 3.35 3.35 3.35 3.34 3.34 3.34 3.34 3.34 0
3.37 3.35 3.35 3.35 3.34 3.35 3.36 3.37 3.38 3.37 3.37 3.36 3.34 3.34 3.35 3.36 3.36 3.37 3.37 3.36 3.35 3.34 3.34 3.35 3.35 0
3.35 3.34 3.33 3.32 3.34 3.35 3.35 3.36 3.37 3.37 3.37 3.37 3.37 3.37 3.37 3.35 3.35 3.35 3.34 3.35 3.36 3.37 3.38 3.37 3.37 1
3.35 3.34 3.34 3.35 3.34 3.36 3.37 3.38 3.4 3.41 3.4 3.37 3.36 3.35 3.34 3.33 3.32 3.34 3.35 3.35 3.36 3.37 3.37 3.37 3.37 0
3.33 3.32 3.31 3.31 3.32 3.33 3.33 3.34 3.34 3.34 3.34 3.34 3.35 3.34 3.34 3.35 3.34 3.36 3.37 3.38 3.4 3.41 3.4 3.37 3.36 1
3.34 3.33 3.34 3.34 3.34 3.35 3.35 3.35 3.35 3.35 3.34 3.33 3.32 3.31 3.31 3.32 3.33 3.33 3.34 3.34 3.34 3.34 3.34 3.35 3.34 0
3.34 3.33 3.33 3.34 3.34 3.33 3.34 3.34 3.34 3.35 3.35 3.35 3.35 3.35 3.34 3.33 3.32 3.31 3.31 3.32 3.33 3.33 3.34 3.34 3.34 0
3.31 3.31 3.31 3.31 3.32 3.31 3.31 3.32 3.32 3.31 3.32 3.33 3.33 3.34 3.34 3.34 3.34 3.35 3.34 3.34 3.35 3.34 3.33 3.33 3.34 1
3.33 3.32 3.31 3.31 3.31 3.31 3.32 3.32 3.32 3.31 3.31 3.31 3.31 3.32 3.31 3.31 3.32 3.32 3.31 3.32 3.33 3.33 3.34 3.34 3.34 1
3.37 3.36 3.36 3.36 3.38 3.38 3.38 3.38 3.38 3.37 3.35 3.33 3.32 3.31 3.31 3.31 3.31 3.32 3.32 3.32 3.31 3.31 3.31 3.31 3.32 1
3.37 3.36 3.36 3.37 3.37 3.38 3.38 3.38 3.38 3.38 3.38 3.38 3.39 3.38 3.38 3.37 3.36 3.36 3.36 3.38 3.38 3.38 3.38 3.38 3.37 0
3.33 3.33 3.32 3.32 3.33 3.32 3.33 3.33 3.33 3.35 3.35 3.34 3.35 3.36 3.36 3.37 3.37 3.37 3.36 3.36 3.37 3.37 3.38 3.38 3.38 1
3.39 3.38 3.37 3.37 3.37 3.37 3.38 3.37 3.37 3.37 3.38 3.38 3.36 3.33 3.33 3.32 3.32 3.33 3.32 3.33 3.33 3.33 3.35 3.35 3.34 1
3.33 3.33 3.33 3.33 3.32 3.33 3.34 3.34 3.35 3.37 3.37 3.37 3.37 3.37 3.37 3.38 3.38 3.38 3.38 3.39 3.4 3.4 3.41 3.41 3.41 1
3.35 3.34 3.33 3.33 3.33 3.33 3.35 3.37 3.37 3.38 3.37 3.35 3.35 3.34 3.34 3.34 3.33 3.33 3.33 3.33 3.33 3.32 3.33 3.34 3.34 1
3.44 3.43 3.42 3.42 3.43 3.44 3.44 3.43 3.43 3.42 3.4 3.4 3.39 3.37 3.37 3.38 3.38 3.38 3.37 3.36 3.35 3.34 3.33 3.33 3.33 1
3.52 3.51 3.5 3.52 3.51 3.5 3.51 3.51 3.5 3.5 3.5 3.5 3.49 3.48 3.47 3.46 3.44 3.43 3.42 3.42 3.43 3.44 3.44 3.43 3.43 0
3.52 3.52 3.51 3.51 3.51 3.52 3.51 3.5 3.52 3.51 3.5 3.51 3.51 3.5 3.5 3.5 3.5 3.49 3.48 3.47 3.46 3.44 3.43 3.42 3.42 0
3.52 3.51 3.51 3.52 3.52 3.52 3.52 3.51 3.51 3.51 3.52 3.51 3.5 3.52 3.51 3.5 3.51 3.51 3.5 3.5 3.5 3.5 3.49 3.48 3.47 1
3.53 3.52 3.52 3.52 3.52 3.52 3.52 3.52 3.52 3.52 3.52 3.52 3.52 3.53 3.53 3.53 3.52 3.53 3.53 3.52 3.52 3.51 3.51 3.52 3.52 1
3.55 3.54 3.53 3.53 3.53 3.53 3.54 3.55 3.54 3.54 3.54 3.53 3.53 3.52 3.52 3.52 3.52 3.52 3.52 3.52 3.52 3.52 3.52 3.52 3.52 0
3.54 3.53 3.53 3.53 3.53 3.54 3.55 3.54 3.53 3.53 3.53 3.53 3.54 3.55 3.54 3.54 3.54 3.53 3.53 3.52 3.52 3.52 3.52 3.52 3.52 1
3.55 3.54 3.54 3.54 3.54 3.54 3.55 3.55 3.54 3.54 3.54 3.54 3.54 3.53 3.53 3.54 3.54 3.53 3.53 3.53 3.53 3.54 3.55 3.54 3.53 0
3.55 3.54 3.54 3.53 3.54 3.55 3.54 3.54 3.54 3.54 3.54 3.55 3.55 3.54 3.54 3.54 3.54 3.54 3.53 3.53 3.54 3.54 3.53 3.53 3.53 0
3.55 3.54 3.54 3.54 3.55 3.55 3.55 3.55 3.54 3.54 3.53 3.54 3.55 3.54 3.54 3.54 3.54 3.54 3.55 3.55 3.54 3.54 3.54 3.54 3.54 0
3.49 3.48 3.48 3.48 3.47 3.47 3.49 3.49 3.48 3.49 3.49 3.5 3.5 3.51 3.51 3.52 3.52 3.52 3.52 3.52 3.53 3.54 3.55 3.54 3.54 1
3.48 3.46 3.45 3.46 3.46 3.47 3.48 3.48 3.48 3.5 3.51 3.51 3.51 3.5 3.51 3.52 3.52 3.51 3.51 3.51 3.51 3.51 3.51 3.5 3.5 1
3.5 3.49 3.49 3.49 3.49 3.49 3.49 3.49 3.49 3.49 3.49 3.49 3.49 3.49 3.48 3.46 3.45 3.46 3.46 3.47 3.48 3.48 3.48 3.5 3.51 1
3.46 3.44 3.44 3.45 3.46 3.48 3.49 3.49 3.5 3.5 3.5 3.5 3.51 3.51 3.51 3.5 3.5 3.49 3.49 3.49 3.49 3.49 3.49 3.49 3.49 1
3.48 3.48 3.47 3.47 3.48 3.48 3.48 3.47 3.46 3.46 3.46 3.44 3.44 3.45 3.46 3.48 3.49 3.49 3.5 3.5 3.5 3.5 3.51 3.51 3.51 1
3.52 3.51 3.5 3.49 3.49 3.51 3.51 3.5 3.5 3.49 3.48 3.48 3.48 3.47 3.47 3.48 3.48 3.48 3.47 3.46 3.46 3.46 3.44 3.44 3.45 0
3.51 3.51 3.51 3.51 3.51 3.52 3.51 3.5 3.49 3.49 3.51 3.51 3.5 3.5 3.49 3.48 3.48 3.48 3.47 3.47 3.48 3.48 3.48 3.47 3.46 0
3.52 3.51 3.51 3.51 3.52 3.52 3.51 3.51 3.51 3.51 3.51 3.52 3.51 3.5 3.49 3.49 3.51 3.51 3.5 3.5 3.49 3.48 3.48 3.48 3.47 0
3.5 3.49 3.49 3.5 3.49 3.49 3.49 3.5 3.5 3.5 3.5 3.5 3.5 3.5 3.5 3.52 3.52 3.52 3.51 3.51 3.51 3.52 3.52 3.51 3.51 1
3.38 3.37 3.38 3.37 3.38 3.39 3.4 3.4 3.39 3.39 3.4 3.41 3.41 3.41 3.43 3.45 3.46 3.47 3.47 3.47 3.46 3.48 3.5 3.5 3.5 1
3.43 3.42 3.41 3.41 3.4 3.41 3.42 3.41 3.42 3.42 3.42 3.41 3.41 3.41 3.4 3.4 3.4 3.4 3.39 3.39 3.4 3.38 3.37 3.38 3.37 1
3.43 3.43 3.42 3.42 3.43 3.44 3.44 3.45 3.44 3.44 3.44 3.45 3.44 3.43 3.42 3.43 3.43 3.43 3.43 3.42 3.41 3.41 3.4 3.41 3.42 1
3.43 3.43 3.42 3.42 3.43 3.43 3.43 3.43 3.43 3.43 3.43 3.43 3.44 3.44 3.44 3.44 3.45 3.44 3.45 3.45 3.45 3.45 3.45 3.46 3.46 0
3.36 3.35 3.34 3.35 3.35 3.37 3.39 3.41 3.42 3.43 3.42 3.42 3.42 3.42 3.42 3.43 3.43 3.43 3.43 3.42 3.42 3.43 3.43 3.43 3.43 1
3.36 3.35 3.34 3.34 3.34 3.35 3.36 3.36 3.36 3.37 3.36 3.37 3.37 3.37 3.38 3.37 3.37 3.36 3.36 3.35 3.34 3.35 3.35 3.37 3.39 0
3.33 3.31 3.32 3.33 3.33 3.32 3.32 3.33 3.34 3.35 3.35 3.35 3.35 3.36 3.35 3.34 3.34 3.34 3.35 3.36 3.36 3.36 3.37 3.36 3.37 0
3.22 3.21 3.2 3.21 3.21 3.19 3.2 3.19 3.2 3.22 3.24 3.24 3.25 3.26 3.29 3.33 3.34 3.34 3.33 3.31 3.32 3.33 3.33 3.32 3.32 1
3.29 3.27 3.25 3.26 3.27 3.27 3.24 3.23 3.22 3.21 3.2 3.21 3.21 3.19 3.2 3.19 3.2 3.22 3.24 3.24 3.25 3.26 3.29 3.33 3.34 1
3.34 3.33 3.31 3.32 3.32 3.32 3.33 3.34 3.33 3.32 3.31 3.31 3.31 3.31 3.29 3.27 3.25 3.26 3.27 3.27 3.24 3.23 3.22 3.21 3.2 0
3.34 3.33 3.33 3.33 3.33 3.33 3.33 3.34 3.33 3.31 3.32 3.32 3.32 3.33 3.34 3.33 3.32 3.31 3.31 3.31 3.31 3.29 3.27 3.25 3.26 1
3.39 3.38 3.38 3.38 3.39 3.4 3.41 3.42 3.41 3.4 3.39 3.39 3.39 3.38 3.37 3.35 3.34 3.34 3.34 3.33 3.33 3.33 3.33 3.33 3.33 1
3.41 3.41 3.39 3.38 3.4 3.4 3.39 3.39 3.39 3.38 3.38 3.38 3.39 3.4 3.41 3.42 3.41 3.4 3.39 3.39 3.39 3.38 3.37 3.35 3.34 0
3.37 3.37 3.36 3.36 3.37 3.38 3.39 3.41 3.41 3.41 3.41 3.41 3.41 3.41 3.41 3.39 3.38 3.4 3.4 3.39 3.39 3.39 3.38 3.38 3.38 1
3.59 3.57 3.56 3.58 3.6 3.6 3.58 3.57 3.55 3.53 3.51 3.5 3.49 3.47 3.45 3.43 3.42 3.39 3.38 3.38 3.37 3.37 3.37 3.38 3.37 0
3.55 3.54 3.53 3.52 3.52 3.53 3.55 3.56 3.58 3.59 3.59 3.57 3.56 3.58 3.6 3.6 3.58 3.57 3.55 3.53 3.51 3.5 3.49 3.47 3.45 0
3.54 3.54 3.53 3.54 3.54 3.55 3.54 3.53 3.52 3.52 3.53 3.55 3.56 3.58 3.59 3.59 3.57 3.56 3.58 3.6 3.6 3.58 3.57 3.55 3.53 0
3.52 3.5 3.49 3.52 3.54 3.54 3.54 3.53 3.54 3.54 3.55 3.54 3.53 3.52 3.52 3.53 3.55 3.56 3.58 3.59 3.59 3.57 3.56 3.58 3.6 0
3.53 3.51 3.51 3.52 3.54 3.54 3.55 3.55 3.55 3.54 3.54 3.54 3.53 3.54 3.53 3.52 3.5 3.49 3.52 3.54 3.54 3.54 3.53 3.54 3.54 1
3.54 3.53 3.51 3.53 3.54 3.53 3.53 3.52 3.52 3.53 3.53 3.51 3.51 3.52 3.54 3.54 3.55 3.55 3.55 3.54 3.54 3.54 3.53 3.54 3.53 0
3.51 3.5 3.49 3.5 3.5 3.51 3.53 3.54 3.54 3.54 3.54 3.53 3.51 3.53 3.54 3.53 3.53 3.52 3.52 3.53 3.53 3.51 3.51 3.52 3.54 0
3.43 3.39 3.38 3.45 3.5 3.51 3.52 3.52 3.51 3.5 3.49 3.5 3.5 3.51 3.53 3.54 3.54 3.54 3.54 3.53 3.51 3.53 3.54 3.53 3.53 1
3.45 3.44 3.43 3.44 3.44 3.45 3.47 3.47 3.48 3.48 3.47 3.48 3.46 3.46 3.45 3.46 3.46 3.43 3.39 3.38 3.45 3.5 3.51 3.52 3.52 0
3.43 3.42 3.41 3.4 3.41 3.42 3.43 3.45 3.45 3.44 3.43 3.44 3.44 3.45 3.47 3.47 3.48 3.48 3.47 3.48 3.46 3.46 3.45 3.46 3.46 1
3.46 3.45 3.45 3.45 3.44 3.44 3.44 3.44 3.44 3.43 3.44 3.44 3.44 3.44 3.44 3.44 3.43 3.43 3.42 3.42 3.42 3.41 3.41 3.42 3.42 0
3.46 3.45 3.45 3.45 3.46 3.46 3.46 3.46 3.45 3.45 3.45 3.44 3.44 3.44 3.44 3.44 3.43 3.44 3.44 3.44 3.44 3.44 3.44 3.43 3.43 0
3.46 3.45 3.45 3.45 3.46 3.46 3.46 3.45 3.45 3.45 3.46 3.46 3.46 3.46 3.45 3.45 3.45 3.44 3.44 3.44 3.44 3.44 3.43 3.44 3.44 0